onset	duration	trial_type	value	sample	stim_file
0.421875	0.0	stim_train,850,-1,1	1	108	00850.jpg
0.62109375	0.0	stim_train,9792,-1,2	2	159	09792.jpg
0.8203125	0.0	stim_train,7620,-1,3	3	210	07620.jpg
1.01953125	0.0	stim_train,10841,-1,4	4	261	10841.jpg
1.22265625	0.0	stim_train,13003,-1,5	5	313	13003.jpg
1.421875	0.0	stim_train,13951,-1,6	6	364	13951.jpg
1.62109375	0.0	stim_train,5414,-1,7	7	415	05414.jpg
1.82421875	0.0	stim_train,14345,-1,8	8	467	14345.jpg
2.0234375	0.0	stim_train,9147,-1,9	9	518	09147.jpg
2.22265625	0.0	stim_train,8136,-1,10	10	569	08136.jpg
2.421875	0.0	stim_train,15488,-1,11	11	620	15488.jpg
2.62109375	0.0	stim_train,16510,-1,12	12	671	16510.jpg
2.82421875	0.0	stim_train,2637,-1,13	13	723	02637.jpg
3.0234375	0.0	stim_train,695,-1,14	14	774	00695.jpg
3.22265625	0.0	stim_train,8729,-1,15	15	825	08729.jpg
3.42578125	0.0	stim_train,12771,-1,16	16	877	12771.jpg
3.625	0.0	stim_train,10578,-1,17	17	928	10578.jpg
3.82421875	0.0	stim_train,3957,-1,18	18	979	03957.jpg
4.0234375	0.0	stim_train,7021,-1,19	19	1030	07021.jpg
4.22265625	0.0	stim_train,8008,-1,20	20	1081	08008.jpg
6.14453125	0.0	behav,3,-1,21	21	1573	n/a
6.51171875	0.0	stim_train,12512,-1,22	22	1667	12512.jpg
6.7109375	0.0	stim_train,11094,-1,23	23	1718	11094.jpg
6.91015625	0.0	stim_train,3162,-1,24	24	1769	03162.jpg
7.109375	0.0	stim_train,742,-1,25	25	1820	00742.jpg
7.3125	0.0	stim_train,5771,-1,26	26	1872	05771.jpg
7.51171875	0.0	stim_train,15629,-1,27	27	1923	15629.jpg
7.7109375	0.0	stim_train,3321,-1,28	28	1974	03321.jpg
7.91015625	0.0	stim_train,2208,-1,29	29	2025	02208.jpg
8.11328125	0.0	stim_train,5675,-1,30	30	2077	05675.jpg
8.3125	0.0	stim_train,13614,-1,31	31	2128	13614.jpg
8.51171875	0.0	stim_train,14903,-1,32	32	2179	14903.jpg
8.71484375	0.0	stim_train,4368,-1,33	33	2231	04368.jpg
8.9140625	0.0	stim_train,5915,-1,34	34	2282	05915.jpg
9.11328125	0.0	stim_train,7157,-1,35	35	2333	07157.jpg
9.3125	0.0	stim_train,9304,-1,36	36	2384	09304.jpg
9.51171875	0.0	stim_train,13432,-1,37	37	2435	13432.jpg
9.71484375	0.0	stim_train,12328,-1,38	38	2487	12328.jpg
9.9140625	0.0	stim_train,1590,-1,39	39	2538	01590.jpg
10.11328125	0.0	stim_train,14109,-1,40	40	2589	14109.jpg
10.31640625	0.0	stim_train,6299,-1,41	41	2641	06299.jpg
11.8125	0.0	behav,3,-1,42	42	3024	n/a
12.16796875	0.0	stim_train,8696,-1,43	43	3115	08696.jpg
12.3671875	0.0	stim_train,9495,-1,44	44	3166	09495.jpg
12.56640625	0.0	stim_train,16144,-1,45	45	3217	16144.jpg
12.765625	0.0	stim_train,534,-1,46	46	3268	00534.jpg
12.96875	0.0	stim_train,9908,-1,47	47	3320	09908.jpg
13.16796875	0.0	stim_train,16108,-1,48	48	3371	16108.jpg
13.3671875	0.0	stim_train,2261,-1,49	49	3422	02261.jpg
13.5703125	0.0	stim_train,8311,-1,50	50	3474	08311.jpg
13.76953125	0.0	stim_train,9730,-1,51	51	3525	09730.jpg
13.96875	0.0	stim_train,2790,-1,52	52	3576	02790.jpg
14.16796875	0.0	stim_train,825,-1,53	53	3627	00825.jpg
14.3671875	0.0	stim_train,5864,-1,54	54	3678	05864.jpg
14.5703125	0.0	stim_train,5501,-1,55	55	3730	05501.jpg
14.76953125	0.0	stim_train,7702,-1,56	56	3781	07702.jpg
14.96875	0.0	stim_train,4738,-1,57	57	3832	04738.jpg
15.171875	0.0	stim_train,3302,-1,58	58	3884	03302.jpg
15.37109375	0.0	stim_train,12066,-1,59	59	3935	12066.jpg
15.5703125	0.0	stim_train,4068,-1,60	60	3986	04068.jpg
15.76953125	0.0	stim_train,13503,-1,61	61	4037	13503.jpg
15.97265625	0.0	stim_train,563,-1,62	62	4089	00563.jpg
17.39453125	0.0	behav,3,-1,63	63	4453	n/a
17.75390625	0.0	stim_train,8664,-1,64	64	4545	08664.jpg
17.953125	0.0	stim_train,1655,-1,65	65	4596	01655.jpg
18.15234375	0.0	stim_train,11997,-1,66	66	4647	11997.jpg
18.3515625	0.0	stim_train,5037,-1,67	67	4698	05037.jpg
18.5546875	0.0	stim_train,7247,-1,68	68	4750	07247.jpg
18.75390625	0.0	stim_train,8831,-1,69	69	4801	08831.jpg
18.953125	0.0	stim_train,15495,-1,70	70	4852	15495.jpg
19.15234375	0.0	stim_train,10644,-1,71	71	4903	10644.jpg
19.35546875	0.0	stim_train,11555,-1,72	72	4955	11555.jpg
19.5546875	0.0	stim_train,72,-1,73	73	5006	00072.jpg
19.75390625	0.0	stim_train,14614,-1,74	74	5057	14614.jpg
19.953125	0.0	stim_train,1603,-1,75	75	5108	01603.jpg
20.15625	0.0	stim_train,5282,-1,76	76	5160	05282.jpg
20.35546875	0.0	stim_train,883,-1,77	77	5211	00883.jpg
20.5546875	0.0	stim_train,3781,-1,78	78	5262	03781.jpg
20.75390625	0.0	stim_train,3162,-1,79	79	5313	03162.jpg
20.95703125	0.0	stim_train,7618,-1,80	80	5365	07618.jpg
21.15625	0.0	stim_train,357,-1,81	81	5416	00357.jpg
21.35546875	0.0	oddball,16746,-1,82	82	5467	16746.jpg
21.55859375	0.0	stim_train,8129,-1,83	83	5519	08129.jpg
22.7890625	0.0	behav,2,-1,84	84	5834	n/a
23.16015625	0.0	stim_train,4652,-1,85	85	5929	04652.jpg
23.359375	0.0	stim_train,8649,-1,86	86	5980	08649.jpg
23.55859375	0.0	stim_train,2458,-1,87	87	6031	02458.jpg
23.7578125	0.0	stim_train,9774,-1,88	88	6082	09774.jpg
23.95703125	0.0	stim_train,5229,-1,89	89	6133	05229.jpg
24.16015625	0.0	stim_train,7705,-1,90	90	6185	07705.jpg
24.359375	0.0	stim_train,11557,-1,91	91	6236	11557.jpg
24.55859375	0.0	stim_train,16128,-1,92	92	6287	16128.jpg
24.76171875	0.0	stim_train,3416,-1,93	93	6339	03416.jpg
24.9609375	0.0	stim_train,8905,-1,94	94	6390	08905.jpg
25.16015625	0.0	stim_train,1653,-1,95	95	6441	01653.jpg
25.359375	0.0	stim_train,10540,-1,96	96	6492	10540.jpg
25.5625	0.0	stim_train,6820,-1,97	97	6544	06820.jpg
25.76171875	0.0	stim_train,4609,-1,98	98	6595	04609.jpg
25.9609375	0.0	stim_train,11302,-1,99	99	6646	11302.jpg
26.16015625	0.0	stim_train,6247,-1,100	100	6697	06247.jpg
26.36328125	0.0	stim_train,6456,-1,377	101	6749	06456.jpg
26.5625	0.0	stim_train,1723,-1,378	102	6800	01723.jpg
26.76171875	0.0	stim_train,12225,-1,379	103	6851	12225.jpg
26.96484375	0.0	stim_train,8214,-1,380	104	6903	08214.jpg
28.2578125	0.0	behav,3,-1,381	105	7234	n/a
28.59765625	0.0	stim_train,12641,-1,382	106	7321	12641.jpg
28.796875	0.0	stim_train,6082,-1,383	107	7372	06082.jpg
29.0	0.0	stim_train,13753,-1,384	108	7424	13753.jpg
29.19921875	0.0	stim_train,1526,-1,385	109	7475	01526.jpg
29.3984375	0.0	stim_train,7940,-1,386	110	7526	07940.jpg
29.59765625	0.0	stim_train,623,-1,387	111	7577	00623.jpg
29.80078125	0.0	stim_train,8662,-1,388	112	7629	08662.jpg
30.0	0.0	stim_train,5974,-1,389	113	7680	05974.jpg
30.19921875	0.0	stim_train,16273,-1,390	114	7731	16273.jpg
30.3984375	0.0	stim_train,2002,-1,391	115	7782	02002.jpg
30.6015625	0.0	stim_train,12939,-1,392	116	7834	12939.jpg
30.80078125	0.0	stim_train,1285,-1,393	117	7885	01285.jpg
31.0	0.0	stim_train,15657,-1,394	118	7936	15657.jpg
31.19921875	0.0	stim_train,5128,-1,395	119	7987	05128.jpg
31.3984375	0.0	stim_train,12375,-1,396	120	8038	12375.jpg
31.6015625	0.0	stim_train,14753,-1,397	121	8090	14753.jpg
31.80078125	0.0	stim_train,12903,-1,398	122	8141	12903.jpg
32.0	0.0	stim_train,6122,-1,399	123	8192	06122.jpg
32.203125	0.0	stim_train,622,-1,400	124	8244	00622.jpg
32.40234375	0.0	stim_train,16313,-1,401	125	8295	16313.jpg
33.66015625	0.0	behav,3,-1,402	126	8617	n/a
34.01953125	0.0	stim_train,6680,-1,403	127	8709	06680.jpg
34.21875	0.0	stim_train,8521,-1,404	128	8760	08521.jpg
34.421875	0.0	stim_train,3027,-1,405	129	8812	03027.jpg
34.62109375	0.0	stim_train,5810,-1,406	130	8863	05810.jpg
34.8203125	0.0	stim_train,14895,-1,407	131	8914	14895.jpg
35.01953125	0.0	stim_train,628,-1,408	132	8965	00628.jpg
35.22265625	0.0	stim_train,6620,-1,409	133	9017	06620.jpg
35.421875	0.0	stim_train,6089,-1,410	134	9068	06089.jpg
35.62109375	0.0	stim_train,3172,-1,411	135	9119	03172.jpg
35.8203125	0.0	stim_train,10044,-1,412	136	9170	10044.jpg
36.0234375	0.0	stim_train,1677,-1,413	137	9222	01677.jpg
36.22265625	0.0	stim_train,15370,-1,414	138	9273	15370.jpg
36.421875	0.0	stim_train,16392,-1,415	139	9324	16392.jpg
36.625	0.0	stim_train,16191,-1,416	140	9376	16191.jpg
36.82421875	0.0	stim_train,4579,-1,417	141	9427	04579.jpg
37.0234375	0.0	stim_train,5529,-1,418	142	9478	05529.jpg
37.22265625	0.0	stim_train,15849,-1,419	143	9529	15849.jpg
37.42578125	0.0	stim_train,2927,-1,420	144	9581	02927.jpg
37.625	0.0	stim_train,8705,-1,421	145	9632	08705.jpg
37.82421875	0.0	stim_train,7382,-1,422	146	9683	07382.jpg
39.05859375	0.0	behav,3,-1,423	147	9999	n/a
39.42578125	0.0	stim_train,2620,-1,424	148	10093	02620.jpg
39.625	0.0	stim_train,14366,-1,425	149	10144	14366.jpg
39.828125	0.0	stim_train,16299,-1,426	150	10196	16299.jpg
40.02734375	0.0	stim_train,10283,-1,427	151	10247	10283.jpg
40.2265625	0.0	stim_train,13101,-1,428	152	10298	13101.jpg
40.42578125	0.0	stim_train,7949,-1,429	153	10349	07949.jpg
40.62890625	0.0	stim_train,7383,-1,430	154	10401	07383.jpg
40.828125	0.0	stim_train,7729,-1,431	155	10452	07729.jpg
41.02734375	0.0	stim_train,10611,-1,432	156	10503	10611.jpg
41.23046875	0.0	stim_train,11593,-1,433	157	10555	11593.jpg
41.4296875	0.0	stim_train,11645,-1,434	158	10606	11645.jpg
41.62890625	0.0	stim_train,249,-1,435	159	10657	00249.jpg
41.828125	0.0	stim_train,13825,-1,436	160	10708	13825.jpg
42.03125	0.0	stim_train,4016,-1,437	161	10760	04016.jpg
42.23046875	0.0	stim_train,8561,-1,438	162	10811	08561.jpg
42.4296875	0.0	stim_train,2908,-1,439	163	10862	02908.jpg
42.62890625	0.0	stim_train,12387,-1,440	164	10913	12387.jpg
42.828125	0.0	stim_train,10709,-1,441	165	10964	10709.jpg
43.03125	0.0	stim_train,10616,-1,442	166	11016	10616.jpg
43.23046875	0.0	stim_train,14050,-1,443	167	11067	14050.jpg
44.8203125	0.0	behav,3,-1,444	168	11474	n/a
45.18359375	0.0	stim_train,9979,-1,445	169	11567	09979.jpg
45.3828125	0.0	stim_train,4058,-1,446	170	11618	04058.jpg
45.58203125	0.0	stim_train,4143,-1,447	171	11669	04143.jpg
45.78125	0.0	stim_train,8191,-1,448	172	11720	08191.jpg
45.984375	0.0	stim_train,4507,-1,449	173	11772	04507.jpg
46.18359375	0.0	stim_train,15504,-1,450	174	11823	15504.jpg
46.3828125	0.0	stim_train,10798,-1,451	175	11874	10798.jpg
46.5859375	0.0	stim_train,10927,-1,452	176	11926	10927.jpg
46.78515625	0.0	stim_train,5656,-1,453	177	11977	05656.jpg
46.984375	0.0	stim_train,5836,-1,454	178	12028	05836.jpg
47.18359375	0.0	stim_train,12811,-1,455	179	12079	12811.jpg
47.38671875	0.0	stim_train,3784,-1,456	180	12131	03784.jpg
47.5859375	0.0	stim_train,1802,-1,457	181	12182	01802.jpg
47.78515625	0.0	stim_train,8350,-1,458	182	12233	08350.jpg
47.984375	0.0	stim_train,2695,-1,459	183	12284	02695.jpg
48.1875	0.0	stim_train,6228,-1,460	184	12336	06228.jpg
48.38671875	0.0	stim_train,5580,-1,461	185	12387	05580.jpg
48.5859375	0.0	stim_train,421,-1,462	186	12438	00421.jpg
48.7890625	0.0	stim_train,10040,-1,463	187	12490	10040.jpg
48.98828125	0.0	stim_train,15399,-1,464	188	12541	15399.jpg
50.265625	0.0	behav,3,-1,465	189	12868	n/a
50.60546875	0.0	stim_train,370,-1,466	190	12955	00370.jpg
50.8046875	0.0	stim_train,10792,-1,467	191	13006	10792.jpg
51.0078125	0.0	stim_train,12817,-1,468	192	13058	12817.jpg
51.20703125	0.0	stim_train,11336,-1,469	193	13109	11336.jpg
51.40625	0.0	stim_train,8352,-1,470	194	13160	08352.jpg
51.60546875	0.0	stim_train,5552,-1,471	195	13211	05552.jpg
51.80859375	0.0	stim_train,2906,-1,472	196	13263	02906.jpg
52.0078125	0.0	stim_train,7698,-1,473	197	13314	07698.jpg
52.20703125	0.0	stim_train,995,-1,474	198	13365	00995.jpg
52.40625	0.0	stim_train,2263,-1,475	199	13416	02263.jpg
52.609375	0.0	stim_train,12548,-1,476	200	13468	12548.jpg
52.8046875	0.0	stim_train,9294,-1,477	201	13518	09294.jpg
53.00390625	0.0	stim_train,16503,-1,478	202	13569	16503.jpg
53.203125	0.0	stim_train,10828,-1,479	203	13620	10828.jpg
53.40625	0.0	stim_train,14980,-1,480	204	13672	14980.jpg
53.60546875	0.0	stim_train,3549,-1,481	205	13723	03549.jpg
53.8046875	0.0	stim_train,11009,-1,482	206	13774	11009.jpg
54.00390625	0.0	stim_train,12596,-1,483	207	13825	12596.jpg
54.20703125	0.0	stim_train,11184,-1,484	208	13877	11184.jpg
54.40625	0.0	stim_train,4987,-1,485	209	13928	04987.jpg
55.70703125	0.0	behav,3,-1,486	210	14261	n/a
56.05859375	0.0	stim_train,356,-1,487	211	14351	00356.jpg
56.2578125	0.0	stim_train,9285,-1,488	212	14402	09285.jpg
56.45703125	0.0	stim_train,9089,-1,489	213	14453	09089.jpg
56.66015625	0.0	stim_train,4602,-1,490	214	14505	04602.jpg
56.859375	0.0	stim_train,10338,-1,491	215	14556	10338.jpg
57.05859375	0.0	stim_train,13311,-1,492	216	14607	13311.jpg
57.2578125	0.0	stim_train,3326,-1,493	217	14658	03326.jpg
57.45703125	0.0	stim_train,12434,-1,494	218	14709	12434.jpg
57.66015625	0.0	stim_train,889,-1,495	219	14761	00889.jpg
57.859375	0.0	stim_train,12078,-1,496	220	14812	12078.jpg
58.05859375	0.0	stim_train,7420,-1,497	221	14863	07420.jpg
58.26171875	0.0	stim_train,9990,-1,498	222	14915	09990.jpg
58.4609375	0.0	stim_train,8723,-1,499	223	14966	08723.jpg
58.66015625	0.0	stim_train,11927,-1,500	224	15017	11927.jpg
58.859375	0.0	stim_train,4012,-1,501	225	15068	04012.jpg
59.0625	0.0	stim_train,7747,-1,502	226	15120	07747.jpg
59.26171875	0.0	stim_train,5224,-1,503	227	15171	05224.jpg
59.4609375	0.0	stim_train,637,-1,504	228	15222	00637.jpg
59.66015625	0.0	stim_train,5261,-1,505	229	15273	05261.jpg
59.86328125	0.0	stim_train,3068,-1,506	230	15325	03068.jpg
61.12890625	0.0	behav,3,-1,507	231	15649	n/a
61.48046875	0.0	stim_train,1127,-1,508	232	15739	01127.jpg
61.6796875	0.0	stim_train,6458,-1,509	233	15790	06458.jpg
61.8828125	0.0	stim_train,9669,-1,510	234	15842	09669.jpg
62.08203125	0.0	stim_train,8345,-1,511	235	15893	08345.jpg
62.28125	0.0	stim_train,13797,-1,512	236	15944	13797.jpg
62.48046875	0.0	stim_train,1523,-1,513	237	15995	01523.jpg
62.6796875	0.0	stim_train,13951,-1,514	238	16046	13951.jpg
62.8828125	0.0	stim_train,16124,-1,515	239	16098	16124.jpg
63.08203125	0.0	stim_train,245,-1,516	240	16149	00245.jpg
63.28125	0.0	stim_train,1967,-1,517	241	16200	01967.jpg
63.484375	0.0	stim_train,3391,-1,518	242	16252	03391.jpg
63.68359375	0.0	stim_train,678,-1,519	243	16303	00678.jpg
63.8828125	0.0	stim_train,11185,-1,520	244	16354	11185.jpg
64.08203125	0.0	stim_train,15826,-1,521	245	16405	15826.jpg
64.28125	0.0	stim_train,10796,-1,522	246	16456	10796.jpg
64.484375	0.0	stim_train,8858,-1,523	247	16508	08858.jpg
64.68359375	0.0	stim_train,9376,-1,524	248	16559	09376.jpg
64.8828125	0.0	stim_train,12563,-1,525	249	16610	12563.jpg
65.08203125	0.0	stim_train,4192,-1,526	250	16661	04192.jpg
65.28515625	0.0	stim_train,4882,-1,527	251	16713	04882.jpg
66.53125	0.0	behav,3,-1,528	252	17032	n/a
66.87109375	0.0	stim_train,11401,-1,529	253	17119	11401.jpg
67.0703125	0.0	stim_train,16195,-1,530	254	17170	16195.jpg
67.26953125	0.0	stim_train,2620,-1,531	255	17221	02620.jpg
67.46875	0.0	stim_train,13092,-1,532	256	17272	13092.jpg
67.671875	0.0	stim_train,13195,-1,533	257	17324	13195.jpg
67.87109375	0.0	oddball,16745,-1,534	258	17375	16745.jpg
68.0703125	0.0	stim_train,6112,-1,535	259	17426	06112.jpg
68.26953125	0.0	stim_train,109,-1,536	260	17477	00109.jpg
68.47265625	0.0	stim_train,1282,-1,537	261	17529	01282.jpg
68.671875	0.0	stim_train,11180,-1,538	262	17580	11180.jpg
68.87109375	0.0	stim_train,7209,-1,539	263	17631	07209.jpg
69.0703125	0.0	stim_train,10604,-1,540	264	17682	10604.jpg
69.2734375	0.0	stim_train,8780,-1,541	265	17734	08780.jpg
69.47265625	0.0	stim_train,8789,-1,542	266	17785	08789.jpg
69.671875	0.0	stim_train,6304,-1,543	267	17836	06304.jpg
69.87109375	0.0	stim_train,7377,-1,544	268	17887	07377.jpg
70.07421875	0.0	stim_train,7984,-1,545	269	17939	07984.jpg
70.2734375	0.0	stim_train,6071,-1,546	270	17990	06071.jpg
70.47265625	0.0	stim_train,3232,-1,547	271	18041	03232.jpg
70.671875	0.0	stim_train,7142,-1,548	272	18092	07142.jpg
72.22265625	0.0	behav,2,-1,549	273	18489	n/a
72.57421875	0.0	stim_train,8728,-1,550	274	18579	08728.jpg
72.77734375	0.0	stim_train,8466,-1,551	275	18631	08466.jpg
72.9765625	0.0	stim_train,1036,-1,552	276	18682	01036.jpg
73.17578125	0.0	stim_train,1825,-1,553	277	18733	01825.jpg
73.375	0.0	stim_train,9478,-1,554	278	18784	09478.jpg
73.578125	0.0	stim_train,9872,-1,555	279	18836	09872.jpg
73.77734375	0.0	stim_train,4680,-1,556	280	18887	04680.jpg
73.9765625	0.0	stim_train,5629,-1,557	281	18938	05629.jpg
74.1796875	0.0	stim_train,14919,-1,558	282	18990	14919.jpg
74.37890625	0.0	stim_train,11550,-1,559	283	19041	11550.jpg
74.578125	0.0	stim_train,13077,-1,560	284	19092	13077.jpg
74.77734375	0.0	stim_train,5912,-1,561	285	19143	05912.jpg
74.9765625	0.0	stim_train,12802,-1,562	286	19194	12802.jpg
75.1796875	0.0	stim_train,10728,-1,563	287	19246	10728.jpg
75.37890625	0.0	stim_train,16516,-1,564	288	19297	16516.jpg
75.578125	0.0	stim_train,3916,-1,565	289	19348	03916.jpg
75.78125	0.0	stim_train,10323,-1,566	290	19400	10323.jpg
75.98046875	0.0	stim_train,9056,-1,567	291	19451	09056.jpg
76.1796875	0.0	stim_train,7729,-1,568	292	19502	07729.jpg
76.37890625	0.0	stim_train,7344,-1,569	293	19553	07344.jpg
77.6015625	0.0	behav,3,-1,570	294	19866	n/a
77.96484375	0.0	stim_train,9048,-1,571	295	19959	09048.jpg
78.1640625	0.0	stim_train,3959,-1,572	296	20010	03959.jpg
78.3671875	0.0	stim_train,1159,-1,573	297	20062	01159.jpg
78.56640625	0.0	stim_train,5401,-1,574	298	20113	05401.jpg
78.765625	0.0	stim_train,13354,-1,575	299	20164	13354.jpg
78.96484375	0.0	stim_train,8342,-1,576	300	20215	08342.jpg
79.16796875	0.0	stim_train,7384,-1,577	301	20267	07384.jpg
79.3671875	0.0	stim_train,2470,-1,578	302	20318	02470.jpg
79.56640625	0.0	stim_train,15532,-1,579	303	20369	15532.jpg
79.76953125	0.0	stim_train,4017,-1,580	304	20421	04017.jpg
79.96875	0.0	stim_train,4451,-1,581	305	20472	04451.jpg
80.16796875	0.0	stim_train,11786,-1,582	306	20523	11786.jpg
80.3671875	0.0	stim_train,5671,-1,583	307	20574	05671.jpg
80.56640625	0.0	stim_train,8025,-1,584	308	20625	08025.jpg
80.76953125	0.0	stim_train,11465,-1,585	309	20677	11465.jpg
80.96875	0.0	stim_train,5345,-1,586	310	20728	05345.jpg
81.16796875	0.0	stim_train,8668,-1,587	311	20779	08668.jpg
81.37109375	0.0	stim_train,5344,-1,588	312	20831	05344.jpg
81.5703125	0.0	stim_train,1083,-1,589	313	20882	01083.jpg
81.76953125	0.0	stim_train,11608,-1,590	314	20933	11608.jpg
82.98046875	0.0	behav,3,-1,591	315	21243	n/a
83.3203125	0.0	stim_train,14029,-1,592	316	21330	14029.jpg
83.5234375	0.0	stim_train,14682,-1,593	317	21382	14682.jpg
83.72265625	0.0	stim_train,14181,-1,594	318	21433	14181.jpg
83.921875	0.0	stim_train,368,-1,595	319	21484	00368.jpg
84.12109375	0.0	stim_train,9041,-1,596	320	21535	09041.jpg
84.32421875	0.0	stim_train,14499,-1,597	321	21587	14499.jpg
84.5234375	0.0	stim_train,205,-1,598	322	21638	00205.jpg
84.72265625	0.0	stim_train,2942,-1,599	323	21689	02942.jpg
84.921875	0.0	stim_train,8877,-1,600	324	21740	08877.jpg
85.12109375	0.0	stim_train,3276,-1,601	325	21791	03276.jpg
85.32421875	0.0	stim_train,5666,-1,602	326	21843	05666.jpg
85.5234375	0.0	stim_train,3322,-1,603	327	21894	03322.jpg
85.72265625	0.0	stim_train,9025,-1,604	328	21945	09025.jpg
85.92578125	0.0	stim_train,11924,-1,605	329	21997	11924.jpg
86.125	0.0	stim_train,5798,-1,606	330	22048	05798.jpg
86.32421875	0.0	stim_train,10636,-1,607	331	22099	10636.jpg
86.5234375	0.0	stim_train,15882,-1,608	332	22150	15882.jpg
86.7265625	0.0	stim_train,9417,-1,609	333	22202	09417.jpg
86.92578125	0.0	stim_train,876,-1,610	334	22253	00876.jpg
87.125	0.0	stim_train,6457,-1,611	335	22304	06457.jpg
88.35546875	0.0	behav,3,-1,612	336	22619	n/a
88.70703125	0.0	stim_train,5032,-1,613	337	22709	05032.jpg
88.90625	0.0	stim_train,1896,-1,614	338	22760	01896.jpg
89.10546875	0.0	stim_train,12787,-1,615	339	22811	12787.jpg
89.30859375	0.0	stim_train,1500,-1,616	340	22863	01500.jpg
89.5078125	0.0	stim_train,14503,-1,617	341	22914	14503.jpg
89.70703125	0.0	stim_train,15398,-1,618	342	22965	15398.jpg
89.90625	0.0	stim_train,1471,-1,619	343	23016	01471.jpg
90.109375	0.0	stim_train,12322,-1,620	344	23068	12322.jpg
90.30859375	0.0	stim_train,136,-1,621	345	23119	00136.jpg
90.5078125	0.0	oddball,16740,-1,622	346	23170	16740.jpg
90.70703125	0.0	stim_train,7479,-1,623	347	23221	07479.jpg
90.91015625	0.0	stim_train,6290,-1,624	348	23273	06290.jpg
91.109375	0.0	stim_train,3605,-1,625	349	23324	03605.jpg
91.30859375	0.0	stim_train,2365,-1,626	350	23375	02365.jpg
91.5078125	0.0	stim_train,5820,-1,627	351	23426	05820.jpg
91.7109375	0.0	stim_train,12516,-1,628	352	23478	12516.jpg
91.91015625	0.0	stim_train,14895,-1,629	353	23529	14895.jpg
92.109375	0.0	stim_train,4060,-1,630	354	23580	04060.jpg
92.30859375	0.0	stim_train,13345,-1,631	355	23631	13345.jpg
92.51171875	0.0	stim_train,9565,-1,632	356	23683	09565.jpg
93.73046875	0.0	behav,2,-1,633	357	23995	n/a
94.09375	0.0	stim_train,10201,-1,634	358	24088	10201.jpg
94.296875	0.0	stim_train,5436,-1,635	359	24140	05436.jpg
94.49609375	0.0	stim_train,5589,-1,636	360	24191	05589.jpg
94.6953125	0.0	stim_train,6111,-1,637	361	24242	06111.jpg
94.8984375	0.0	stim_train,6459,-1,638	362	24294	06459.jpg
95.09765625	0.0	stim_train,6240,-1,639	363	24345	06240.jpg
95.296875	0.0	stim_train,11235,-1,640	364	24396	11235.jpg
95.49609375	0.0	stim_train,6060,-1,641	365	24447	06060.jpg
95.69921875	0.0	stim_train,12332,-1,642	366	24499	12332.jpg
95.8984375	0.0	stim_train,7017,-1,643	367	24550	07017.jpg
96.09765625	0.0	stim_train,1083,-1,644	368	24601	01083.jpg
96.296875	0.0	stim_train,13678,-1,645	369	24652	13678.jpg
96.5	0.0	stim_train,6307,-1,646	370	24704	06307.jpg
96.69921875	0.0	stim_train,10433,-1,647	371	24755	10433.jpg
96.8984375	0.0	stim_train,3398,-1,648	372	24806	03398.jpg
97.09765625	0.0	stim_train,13793,-1,649	373	24857	13793.jpg
97.30078125	0.0	stim_train,12645,-1,650	374	24909	12645.jpg
97.5	0.0	stim_train,2005,-1,651	375	24960	02005.jpg
97.69921875	0.0	stim_train,10984,-1,652	376	25011	10984.jpg
97.8984375	0.0	stim_train,675,-1,653	377	25062	00675.jpg
99.17578125	0.0	behav,3,-1,654	378	25389	n/a
99.53515625	0.0	stim_train,3892,-1,655	379	25481	03892.jpg
99.734375	0.0	stim_train,1118,-1,656	380	25532	01118.jpg
99.9375	0.0	stim_train,2296,-1,657	381	25584	02296.jpg
100.13671875	0.0	stim_train,4714,-1,658	382	25635	04714.jpg
100.3359375	0.0	stim_train,9079,-1,659	383	25686	09079.jpg
100.53515625	0.0	stim_train,14054,-1,660	384	25737	14054.jpg
100.734375	0.0	stim_train,6635,-1,661	385	25788	06635.jpg
100.9375	0.0	stim_train,6087,-1,662	386	25840	06087.jpg
101.13671875	0.0	stim_train,4035,-1,663	387	25891	04035.jpg
101.3359375	0.0	stim_train,13507,-1,664	388	25942	13507.jpg
101.5390625	0.0	stim_train,2117,-1,665	389	25994	02117.jpg
101.73828125	0.0	stim_train,10442,-1,666	390	26045	10442.jpg
101.9375	0.0	stim_train,10579,-1,667	391	26096	10579.jpg
102.13671875	0.0	stim_train,1121,-1,668	392	26147	01121.jpg
102.33984375	0.0	stim_train,10088,-1,669	393	26199	10088.jpg
102.5390625	0.0	stim_train,1103,-1,670	394	26250	01103.jpg
102.73828125	0.0	stim_train,1919,-1,671	395	26301	01919.jpg
102.9375	0.0	stim_train,1600,-1,672	396	26352	01600.jpg
103.140625	0.0	stim_train,13770,-1,673	397	26404	13770.jpg
103.33984375	0.0	stim_train,9145,-1,674	398	26455	09145.jpg
104.5546875	0.0	behav,3,-1,675	399	26766	n/a
104.92578125	0.0	stim_train,5805,-1,676	400	26861	05805.jpg
105.125	0.0	stim_train,12820,-1,677	401	26912	12820.jpg
105.32421875	0.0	stim_train,13735,-1,678	402	26963	13735.jpg
105.5234375	0.0	stim_train,5072,-1,679	403	27014	05072.jpg
105.7265625	0.0	stim_train,821,-1,680	404	27066	00821.jpg
105.92578125	0.0	stim_train,5077,-1,681	405	27117	05077.jpg
106.125	0.0	stim_train,1632,-1,682	406	27168	01632.jpg
106.32421875	0.0	stim_train,15531,-1,683	407	27219	15531.jpg
106.52734375	0.0	stim_train,7983,-1,684	408	27271	07983.jpg
106.7265625	0.0	stim_train,8522,-1,685	409	27322	08522.jpg
106.92578125	0.0	stim_train,779,-1,686	410	27373	00779.jpg
107.12890625	0.0	stim_train,2200,-1,687	411	27425	02200.jpg
107.328125	0.0	stim_train,13741,-1,688	412	27476	13741.jpg
107.52734375	0.0	stim_train,4610,-1,689	413	27527	04610.jpg
107.7265625	0.0	stim_train,152,-1,690	414	27578	00152.jpg
107.9296875	0.0	stim_train,14480,-1,691	415	27630	14480.jpg
108.12890625	0.0	stim_train,4699,-1,692	416	27681	04699.jpg
108.328125	0.0	stim_train,5799,-1,693	417	27732	05799.jpg
108.52734375	0.0	stim_train,2901,-1,694	418	27783	02901.jpg
108.73046875	0.0	stim_train,16125,-1,695	419	27835	16125.jpg
109.95703125	0.0	behav,3,-1,696	420	28149	n/a
110.3125	0.0	stim_train,5349,-1,697	421	28240	05349.jpg
110.515625	0.0	stim_train,4028,-1,698	422	28292	04028.jpg
110.71484375	0.0	stim_train,1731,-1,699	423	28343	01731.jpg
110.9140625	0.0	stim_train,2877,-1,700	424	28394	02877.jpg
111.11328125	0.0	stim_train,4823,-1,701	425	28445	04823.jpg
111.31640625	0.0	stim_train,8415,-1,702	426	28497	08415.jpg
111.515625	0.0	stim_train,7243,-1,703	427	28548	07243.jpg
111.71484375	0.0	stim_train,7574,-1,704	428	28599	07574.jpg
111.9140625	0.0	stim_train,4553,-1,705	429	28650	04553.jpg
112.1171875	0.0	stim_train,14564,-1,706	430	28702	14564.jpg
112.31640625	0.0	stim_train,7233,-1,707	431	28753	07233.jpg
112.515625	0.0	stim_train,8249,-1,708	432	28804	08249.jpg
112.71484375	0.0	stim_train,14954,-1,709	433	28855	14954.jpg
112.91796875	0.0	stim_train,8044,-1,710	434	28907	08044.jpg
113.1171875	0.0	stim_train,14903,-1,711	435	28958	14903.jpg
113.31640625	0.0	stim_train,15513,-1,712	436	29009	15513.jpg
113.515625	0.0	stim_train,2878,-1,713	437	29060	02878.jpg
113.71875	0.0	stim_train,11956,-1,714	438	29112	11956.jpg
113.91796875	0.0	stim_train,160,-1,715	439	29163	00160.jpg
114.1171875	0.0	stim_train,3379,-1,716	440	29214	03379.jpg
115.33203125	0.0	behav,3,-1,717	441	29525	n/a
115.6875	0.0	stim_train,5533,-1,718	442	29616	05533.jpg
115.88671875	0.0	stim_train,16409,-1,719	443	29667	16409.jpg
116.0859375	0.0	stim_train,5943,-1,720	444	29718	05943.jpg
116.28515625	0.0	stim_train,14572,-1,721	445	29769	14572.jpg
116.48828125	0.0	stim_train,3984,-1,722	446	29821	03984.jpg
116.6875	0.0	stim_train,11569,-1,723	447	29872	11569.jpg
116.88671875	0.0	stim_train,1664,-1,724	448	29923	01664.jpg
117.08984375	0.0	stim_train,7041,-1,725	449	29975	07041.jpg
117.2890625	0.0	stim_train,2119,-1,726	450	30026	02119.jpg
117.48828125	0.0	stim_train,14696,-1,727	451	30077	14696.jpg
117.6875	0.0	stim_train,7600,-1,728	452	30128	07600.jpg
117.890625	0.0	stim_train,2367,-1,729	453	30180	02367.jpg
118.08984375	0.0	stim_train,10636,-1,730	454	30231	10636.jpg
118.2890625	0.0	stim_train,12471,-1,731	455	30282	12471.jpg
118.48828125	0.0	stim_train,10185,-1,732	456	30333	10185.jpg
118.69140625	0.0	stim_train,9979,-1,733	457	30385	09979.jpg
118.890625	0.0	stim_train,563,-1,734	458	30436	00563.jpg
119.08984375	0.0	stim_train,5647,-1,735	459	30487	05647.jpg
119.2890625	0.0	stim_train,15682,-1,736	460	30538	15682.jpg
119.4921875	0.0	stim_train,11001,-1,737	461	30590	11001.jpg
120.48828125	0.0	behav,3,-1,738	462	30845	n/a
120.82421875	0.0	stim_train,15960,-1,739	463	30931	15960.jpg
121.02734375	0.0	stim_train,15625,-1,740	464	30983	15625.jpg
121.2265625	0.0	stim_train,3504,-1,741	465	31034	03504.jpg
121.42578125	0.0	stim_train,16496,-1,742	466	31085	16496.jpg
121.625	0.0	stim_train,5674,-1,743	467	31136	05674.jpg
121.828125	0.0	stim_train,1518,-1,744	468	31188	01518.jpg
122.02734375	0.0	stim_train,3676,-1,745	469	31239	03676.jpg
122.2265625	0.0	stim_train,8384,-1,746	470	31290	08384.jpg
122.42578125	0.0	stim_train,11097,-1,747	471	31341	11097.jpg
122.62890625	0.0	stim_train,8281,-1,748	472	31393	08281.jpg
122.828125	0.0	stim_train,12383,-1,749	473	31444	12383.jpg
123.0234375	0.0	stim_train,15914,-1,750	474	31494	15914.jpg
123.22265625	0.0	stim_train,6990,-1,751	475	31545	06990.jpg
123.42578125	0.0	stim_train,3322,-1,752	476	31597	03322.jpg
123.625	0.0	stim_train,7310,-1,753	477	31648	07310.jpg
123.82421875	0.0	stim_train,7493,-1,754	478	31699	07493.jpg
124.0234375	0.0	stim_train,7971,-1,755	479	31750	07971.jpg
124.2265625	0.0	stim_train,8212,-1,756	480	31802	08212.jpg
124.42578125	0.0	stim_train,13277,-1,757	481	31853	13277.jpg
124.625	0.0	stim_train,5033,-1,758	482	31904	05033.jpg
125.83984375	0.0	behav,3,-1,759	483	32215	n/a
126.17578125	0.0	stim_train,7442,-1,760	484	32301	07442.jpg
126.37890625	0.0	stim_train,9874,-1,761	485	32353	09874.jpg
126.578125	0.0	stim_train,4338,-1,762	486	32404	04338.jpg
126.77734375	0.0	stim_train,14229,-1,763	487	32455	14229.jpg
126.9765625	0.0	stim_train,10726,-1,764	488	32506	10726.jpg
127.1796875	0.0	stim_train,13181,-1,765	489	32558	13181.jpg
127.37890625	0.0	stim_train,2009,-1,766	490	32609	02009.jpg
127.578125	0.0	stim_train,261,-1,767	491	32660	00261.jpg
127.77734375	0.0	stim_train,4649,-1,768	492	32711	04649.jpg
127.98046875	0.0	stim_train,7497,-1,769	493	32763	07497.jpg
128.1796875	0.0	stim_train,15725,-1,770	494	32814	15725.jpg
128.37890625	0.0	stim_train,2368,-1,771	495	32865	02368.jpg
128.58203125	0.0	stim_train,13518,-1,772	496	32917	13518.jpg
128.78125	0.0	stim_train,6103,-1,773	497	32968	06103.jpg
128.98046875	0.0	stim_train,6638,-1,774	498	33019	06638.jpg
129.1796875	0.0	stim_train,4562,-1,775	499	33070	04562.jpg
129.3828125	0.0	stim_train,3915,-1,776	500	33122	03915.jpg
129.58203125	0.0	stim_train,12675,-1,777	501	33173	12675.jpg
129.78125	0.0	stim_train,71,-1,778	502	33224	00071.jpg
129.98046875	0.0	stim_train,7517,-1,779	503	33275	07517.jpg
131.3515625	0.0	behav,3,-1,780	504	33626	n/a
131.69921875	0.0	stim_train,9578,-1,781	505	33715	09578.jpg
131.90234375	0.0	stim_train,4061,-1,782	506	33767	04061.jpg
132.1015625	0.0	stim_train,1550,-1,783	507	33818	01550.jpg
132.30078125	0.0	stim_train,9497,-1,784	508	33869	09497.jpg
132.5	0.0	stim_train,15500,-1,785	509	33920	15500.jpg
132.69921875	0.0	stim_train,16459,-1,786	510	33971	16459.jpg
132.90234375	0.0	stim_train,10601,-1,787	511	34023	10601.jpg
133.1015625	0.0	stim_train,5976,-1,788	512	34074	05976.jpg
133.30078125	0.0	stim_train,12080,-1,789	513	34125	12080.jpg
133.50390625	0.0	stim_train,16035,-1,790	514	34177	16035.jpg
133.703125	0.0	stim_train,12900,-1,791	515	34228	12900.jpg
133.90234375	0.0	stim_train,5067,-1,792	516	34279	05067.jpg
134.1015625	0.0	stim_train,14548,-1,793	517	34330	14548.jpg
134.3046875	0.0	stim_train,13106,-1,794	518	34382	13106.jpg
134.50390625	0.0	stim_train,16212,-1,795	519	34433	16212.jpg
134.703125	0.0	stim_train,16440,-1,796	520	34484	16440.jpg
134.90234375	0.0	stim_train,80,-1,797	521	34535	00080.jpg
135.10546875	0.0	stim_train,3938,-1,798	522	34587	03938.jpg
135.3046875	0.0	stim_train,11000,-1,799	523	34638	11000.jpg
135.50390625	0.0	stim_train,16151,-1,800	524	34689	16151.jpg
136.66015625	0.0	behav,3,-1,801	525	34985	n/a
137.0234375	0.0	stim_train,472,-1,802	526	35078	00472.jpg
137.22265625	0.0	stim_train,7944,-1,803	527	35129	07944.jpg
137.421875	0.0	stim_train,14955,-1,804	528	35180	14955.jpg
137.625	0.0	stim_train,4633,-1,805	529	35232	04633.jpg
137.82421875	0.0	stim_train,16069,-1,806	530	35283	16069.jpg
138.0234375	0.0	stim_train,5655,-1,807	531	35334	05655.jpg
138.22265625	0.0	stim_train,3656,-1,808	532	35385	03656.jpg
138.42578125	0.0	stim_train,6047,-1,809	533	35437	06047.jpg
138.625	0.0	stim_train,2255,-1,810	534	35488	02255.jpg
138.82421875	0.0	stim_train,6628,-1,811	535	35539	06628.jpg
139.0234375	0.0	stim_train,14917,-1,812	536	35590	14917.jpg
139.2265625	0.0	stim_train,8063,-1,813	537	35642	08063.jpg
139.42578125	0.0	stim_train,947,-1,814	538	35693	00947.jpg
139.625	0.0	stim_train,3090,-1,815	539	35744	03090.jpg
139.82421875	0.0	stim_train,15238,-1,816	540	35795	15238.jpg
140.02734375	0.0	stim_train,2714,-1,817	541	35847	02714.jpg
140.2265625	0.0	stim_train,2206,-1,818	542	35898	02206.jpg
140.42578125	0.0	stim_train,6505,-1,819	543	35949	06505.jpg
140.625	0.0	stim_train,2926,-1,820	544	36000	02926.jpg
140.828125	0.0	stim_train,7855,-1,821	545	36052	07855.jpg
142.0625	0.0	behav,3,-1,822	546	36368	n/a
142.4140625	0.0	stim_train,5834,-1,823	547	36458	05834.jpg
142.61328125	0.0	stim_train,2874,-1,824	548	36509	02874.jpg
142.8125	0.0	stim_train,3932,-1,825	549	36560	03932.jpg
143.01171875	0.0	stim_train,12514,-1,826	550	36611	12514.jpg
143.21484375	0.0	stim_train,1968,-1,827	551	36663	01968.jpg
143.4140625	0.0	stim_train,788,-1,828	552	36714	00788.jpg
143.61328125	0.0	stim_train,14784,-1,829	553	36765	14784.jpg
143.8125	0.0	stim_train,16066,-1,830	554	36816	16066.jpg
144.015625	0.0	stim_train,16367,-1,831	555	36868	16367.jpg
144.21484375	0.0	stim_train,7495,-1,832	556	36919	07495.jpg
144.4140625	0.0	stim_train,13358,-1,833	557	36970	13358.jpg
144.61328125	0.0	stim_train,9565,-1,834	558	37021	09565.jpg
144.81640625	0.0	stim_train,7045,-1,835	559	37073	07045.jpg
145.015625	0.0	stim_train,7926,-1,836	560	37124	07926.jpg
145.21484375	0.0	stim_train,1089,-1,837	561	37175	01089.jpg
145.4140625	0.0	stim_train,6904,-1,838	562	37226	06904.jpg
145.61328125	0.0	stim_train,8671,-1,839	563	37277	08671.jpg
145.81640625	0.0	stim_train,1697,-1,840	564	37329	01697.jpg
146.015625	0.0	stim_train,6450,-1,841	565	37380	06450.jpg
146.21484375	0.0	stim_train,6704,-1,842	566	37431	06704.jpg
147.23828125	0.0	behav,3,-1,843	567	37693	n/a
147.5859375	0.0	stim_train,13439,-1,844	568	37782	13439.jpg
147.78515625	0.0	oddball,16748,-1,845	569	37833	16748.jpg
147.984375	0.0	stim_train,7610,-1,846	570	37884	07610.jpg
148.18359375	0.0	stim_train,14827,-1,847	571	37935	14827.jpg
148.38671875	0.0	stim_train,12591,-1,848	572	37987	12591.jpg
148.5859375	0.0	stim_train,12520,-1,849	573	38038	12520.jpg
148.78515625	0.0	stim_train,11086,-1,850	574	38089	11086.jpg
148.984375	0.0	stim_train,7371,-1,851	575	38140	07371.jpg
149.1875	0.0	stim_train,16335,-1,852	576	38192	16335.jpg
149.38671875	0.0	stim_train,559,-1,853	577	38243	00559.jpg
149.5859375	0.0	stim_train,12229,-1,854	578	38294	12229.jpg
149.78515625	0.0	stim_train,3022,-1,855	579	38345	03022.jpg
149.98828125	0.0	stim_train,6640,-1,856	580	38397	06640.jpg
150.1875	0.0	stim_train,3791,-1,857	581	38448	03791.jpg
150.38671875	0.0	stim_train,5532,-1,858	582	38499	05532.jpg
150.5859375	0.0	stim_train,8664,-1,859	583	38550	08664.jpg
150.7890625	0.0	stim_train,8347,-1,860	584	38602	08347.jpg
150.98828125	0.0	stim_train,6697,-1,861	585	38653	06697.jpg
151.1875	0.0	stim_train,3164,-1,862	586	38704	03164.jpg
151.390625	0.0	stim_train,7702,-1,863	587	38756	07702.jpg
152.7265625	0.0	behav,2,-1,864	588	39098	n/a
153.07421875	0.0	stim_train,10442,-1,865	589	39187	10442.jpg
153.2734375	0.0	stim_train,12678,-1,866	590	39238	12678.jpg
153.47265625	0.0	stim_train,11999,-1,867	591	39289	11999.jpg
153.67578125	0.0	stim_train,15441,-1,868	592	39341	15441.jpg
153.875	0.0	stim_train,4849,-1,869	593	39392	04849.jpg
154.07421875	0.0	stim_train,9290,-1,870	594	39443	09290.jpg
154.2734375	0.0	stim_train,11230,-1,871	595	39494	11230.jpg
154.4765625	0.0	stim_train,5688,-1,872	596	39546	05688.jpg
154.67578125	0.0	stim_train,10446,-1,873	597	39597	10446.jpg
154.875	0.0	stim_train,13130,-1,874	598	39648	13130.jpg
155.078125	0.0	stim_train,2076,-1,875	599	39700	02076.jpg
155.27734375	0.0	stim_train,4605,-1,876	600	39751	04605.jpg
155.4765625	0.0	stim_train,8280,-1,877	601	39802	08280.jpg
155.67578125	0.0	stim_train,13274,-1,878	602	39853	13274.jpg
155.87890625	0.0	stim_train,890,-1,879	603	39905	00890.jpg
156.078125	0.0	stim_train,4710,-1,880	604	39956	04710.jpg
156.27734375	0.0	stim_train,9964,-1,881	605	40007	09964.jpg
156.4765625	0.0	stim_train,15503,-1,882	606	40058	15503.jpg
156.6796875	0.0	stim_train,352,-1,883	607	40110	00352.jpg
156.87890625	0.0	stim_train,3651,-1,884	608	40161	03651.jpg
158.16796875	0.0	behav,3,-1,885	609	40491	n/a
158.5078125	0.0	stim_train,11262,-1,886	610	40578	11262.jpg
158.7109375	0.0	stim_train,5074,-1,887	611	40630	05074.jpg
158.91015625	0.0	stim_train,4730,-1,888	612	40681	04730.jpg
159.109375	0.0	stim_train,15489,-1,889	613	40732	15489.jpg
159.30859375	0.0	stim_train,3592,-1,890	614	40783	03592.jpg
159.51171875	0.0	stim_train,685,-1,891	615	40835	00685.jpg
159.7109375	0.0	stim_train,10675,-1,892	616	40886	10675.jpg
159.91015625	0.0	stim_train,4793,-1,893	617	40937	04793.jpg
160.109375	0.0	stim_train,3096,-1,894	618	40988	03096.jpg
160.3125	0.0	stim_train,5196,-1,895	619	41040	05196.jpg
160.51171875	0.0	stim_train,6561,-1,896	620	41091	06561.jpg
160.7109375	0.0	stim_train,7426,-1,897	621	41142	07426.jpg
160.91015625	0.0	stim_train,12043,-1,898	622	41193	12043.jpg
161.11328125	0.0	stim_train,12429,-1,899	623	41245	12429.jpg
161.3125	0.0	stim_train,2115,-1,900	624	41296	02115.jpg
161.51171875	0.0	stim_train,13766,-1,901	625	41347	13766.jpg
161.71484375	0.0	stim_train,11431,-1,902	626	41399	11431.jpg
161.9140625	0.0	stim_train,3500,-1,903	627	41450	03500.jpg
162.11328125	0.0	stim_train,8382,-1,904	628	41501	08382.jpg
162.3125	0.0	stim_train,4302,-1,905	629	41552	04302.jpg
163.5703125	0.0	behav,3,-1,906	630	41874	n/a
163.93359375	0.0	stim_train,6633,-1,907	631	41967	06633.jpg
164.1328125	0.0	stim_train,14175,-1,908	632	42018	14175.jpg
164.33203125	0.0	stim_train,903,-1,909	633	42069	00903.jpg
164.53125	0.0	stim_train,2253,-1,910	634	42120	02253.jpg
164.73046875	0.0	stim_train,10632,-1,911	635	42171	10632.jpg
164.93359375	0.0	stim_train,12196,-1,912	636	42223	12196.jpg
165.1328125	0.0	stim_train,11065,-1,913	637	42274	11065.jpg
165.33203125	0.0	stim_train,14343,-1,914	638	42325	14343.jpg
165.53515625	0.0	stim_train,1283,-1,915	639	42377	01283.jpg
165.734375	0.0	oddball,16745,-1,916	640	42428	16745.jpg
165.93359375	0.0	stim_train,8091,-1,917	641	42479	08091.jpg
166.1328125	0.0	stim_train,6032,-1,918	642	42530	06032.jpg
166.3359375	0.0	stim_train,8289,-1,919	643	42582	08289.jpg
166.53515625	0.0	stim_train,4247,-1,920	644	42633	04247.jpg
166.734375	0.0	stim_train,2477,-1,921	645	42684	02477.jpg
166.93359375	0.0	stim_train,7915,-1,922	646	42735	07915.jpg
167.13671875	0.0	stim_train,25,-1,923	647	42787	00025.jpg
167.3359375	0.0	stim_train,11898,-1,924	648	42838	11898.jpg
167.53515625	0.0	stim_train,9289,-1,925	649	42889	09289.jpg
167.73828125	0.0	stim_train,13999,-1,926	650	42941	13999.jpg
169.015625	0.0	behav,2,-1,927	651	43268	n/a
169.35546875	0.0	stim_train,14392,-1,928	652	43355	14392.jpg
169.5546875	0.0	stim_train,16064,-1,929	653	43406	16064.jpg
169.75390625	0.0	stim_train,12420,-1,930	654	43457	12420.jpg
169.953125	0.0	stim_train,3277,-1,931	655	43508	03277.jpg
170.15625	0.0	stim_train,11923,-1,932	656	43560	11923.jpg
170.35546875	0.0	stim_train,4790,-1,933	657	43611	04790.jpg
170.5546875	0.0	stim_train,3603,-1,934	658	43662	03603.jpg
170.7578125	0.0	stim_train,5035,-1,935	659	43714	05035.jpg
170.95703125	0.0	stim_train,1148,-1,936	660	43765	01148.jpg
171.15625	0.0	stim_train,6221,-1,937	661	43816	06221.jpg
171.35546875	0.0	stim_train,11500,-1,938	662	43867	11500.jpg
171.55859375	0.0	stim_train,6048,-1,939	663	43919	06048.jpg
171.7578125	0.0	stim_train,8869,-1,940	664	43970	08869.jpg
171.95703125	0.0	stim_train,4397,-1,941	665	44021	04397.jpg
172.15625	0.0	stim_train,7695,-1,942	666	44072	07695.jpg
172.359375	0.0	stim_train,2299,-1,943	667	44124	02299.jpg
172.55859375	0.0	stim_train,6789,-1,944	668	44175	06789.jpg
172.7578125	0.0	stim_train,6147,-1,945	669	44226	06147.jpg
172.95703125	0.0	stim_train,9667,-1,946	670	44277	09667.jpg
173.16015625	0.0	stim_train,552,-1,947	671	44329	00552.jpg
174.39453125	0.0	behav,3,-1,948	672	44645	n/a
174.7421875	0.0	stim_train,1076,-1,949	673	44734	01076.jpg
174.9453125	0.0	stim_train,11674,-1,950	674	44786	11674.jpg
175.14453125	0.0	stim_train,7704,-1,951	675	44837	07704.jpg
175.34375	0.0	stim_train,14871,-1,952	676	44888	14871.jpg
175.546875	0.0	stim_train,12324,-1,953	677	44940	12324.jpg
175.74609375	0.0	stim_train,11608,-1,954	678	44991	11608.jpg
175.9453125	0.0	stim_train,12323,-1,955	679	45042	12323.jpg
176.14453125	0.0	stim_train,1696,-1,956	680	45093	01696.jpg
176.34765625	0.0	stim_train,10645,-1,957	681	45145	10645.jpg
176.546875	0.0	stim_train,6021,-1,958	682	45196	06021.jpg
176.74609375	0.0	stim_train,13511,-1,959	683	45247	13511.jpg
176.9453125	0.0	stim_train,14873,-1,960	684	45298	14873.jpg
177.14453125	0.0	stim_train,4880,-1,961	685	45349	04880.jpg
177.34765625	0.0	stim_train,15397,-1,962	686	45401	15397.jpg
177.546875	0.0	stim_train,12815,-1,963	687	45452	12815.jpg
177.74609375	0.0	stim_train,3282,-1,964	688	45503	03282.jpg
177.94921875	0.0	stim_train,6877,-1,965	689	45555	06877.jpg
178.1484375	0.0	stim_train,2994,-1,966	690	45606	02994.jpg
178.34765625	0.0	stim_train,4366,-1,967	691	45657	04366.jpg
178.546875	0.0	stim_train,6098,-1,968	692	45708	06098.jpg
179.61328125	0.0	behav,3,-1,969	693	45981	n/a
179.984375	0.0	stim_train,3914,-1,970	694	46076	03914.jpg
180.18359375	0.0	stim_train,3851,-1,971	695	46127	03851.jpg
180.3828125	0.0	stim_train,16286,-1,972	696	46178	16286.jpg
180.58203125	0.0	stim_train,13070,-1,973	697	46229	13070.jpg
180.78515625	0.0	stim_train,9324,-1,974	698	46281	09324.jpg
180.984375	0.0	stim_train,15519,-1,975	699	46332	15519.jpg
181.18359375	0.0	stim_train,10970,-1,976	700	46383	10970.jpg
181.3828125	0.0	stim_train,9680,-1,977	701	46434	09680.jpg
181.5859375	0.0	stim_train,2616,-1,978	702	46486	02616.jpg
181.78515625	0.0	stim_train,3297,-1,979	703	46537	03297.jpg
181.984375	0.0	stim_train,15690,-1,980	704	46588	15690.jpg
182.1875	0.0	stim_train,2193,-1,981	705	46640	02193.jpg
182.38671875	0.0	stim_train,12330,-1,982	706	46691	12330.jpg
182.5859375	0.0	stim_train,2478,-1,983	707	46742	02478.jpg
182.78515625	0.0	stim_train,16012,-1,984	708	46793	16012.jpg
182.98828125	0.0	stim_train,8171,-1,985	709	46845	08171.jpg
183.1875	0.0	stim_train,5802,-1,986	710	46896	05802.jpg
183.38671875	0.0	stim_train,4728,-1,987	711	46947	04728.jpg
183.5859375	0.0	stim_train,11531,-1,988	712	46998	11531.jpg
183.78515625	0.0	stim_train,4027,-1,989	713	47049	04027.jpg
185.08203125	0.0	behav,3,-1,990	714	47381	n/a
185.421875	0.0	stim_train,16101,-1,991	715	47468	16101.jpg
185.62109375	0.0	stim_train,8870,-1,992	716	47519	08870.jpg
185.82421875	0.0	stim_train,5065,-1,993	717	47571	05065.jpg
186.0234375	0.0	stim_train,13146,-1,994	718	47622	13146.jpg
186.22265625	0.0	stim_train,11058,-1,995	719	47673	11058.jpg
186.421875	0.0	stim_train,11629,-1,996	720	47724	11629.jpg
186.625	0.0	stim_train,13034,-1,997	721	47776	13034.jpg
186.82421875	0.0	stim_train,2194,-1,998	722	47827	02194.jpg
187.0234375	0.0	stim_train,13757,-1,999	723	47878	13757.jpg
187.22265625	0.0	stim_train,9227,-1,1000	724	47929	09227.jpg
187.42578125	0.0	stim_train,14263,-1,1001	725	47981	14263.jpg
187.625	0.0	stim_train,15939,-1,1002	726	48032	15939.jpg
187.82421875	0.0	stim_train,15919,-1,1003	727	48083	15919.jpg
188.02734375	0.0	stim_train,3950,-1,1004	728	48135	03950.jpg
188.2265625	0.0	stim_train,205,-1,1005	729	48186	00205.jpg
188.42578125	0.0	stim_train,15103,-1,1006	730	48237	15103.jpg
188.625	0.0	stim_train,4733,-1,1007	731	48288	04733.jpg
188.828125	0.0	stim_train,168,-1,1008	732	48340	00168.jpg
189.02734375	0.0	stim_train,976,-1,1009	733	48391	00976.jpg
189.2265625	0.0	stim_train,7880,-1,1010	734	48442	07880.jpg
190.50390625	0.0	behav,3,-1,1011	735	48769	n/a
190.86328125	0.0	stim_train,14902,-1,1012	736	48861	14902.jpg
191.0625	0.0	stim_train,5551,-1,1013	737	48912	05551.jpg
191.26171875	0.0	stim_train,1038,-1,1014	738	48963	01038.jpg
191.4609375	0.0	stim_train,7384,-1,1015	739	49014	07384.jpg
191.6640625	0.0	stim_train,7822,-1,1016	740	49066	07822.jpg
191.86328125	0.0	stim_train,5324,-1,1017	741	49117	05324.jpg
192.0625	0.0	stim_train,4725,-1,1018	742	49168	04725.jpg
192.265625	0.0	stim_train,3085,-1,1019	743	49220	03085.jpg
192.46484375	0.0	stim_train,209,-1,1020	744	49271	00209.jpg
192.6640625	0.0	stim_train,8978,-1,1021	745	49322	08978.jpg
192.86328125	0.0	stim_train,3968,-1,1022	746	49373	03968.jpg
193.0625	0.0	stim_train,7410,-1,1023	747	49424	07410.jpg
193.265625	0.0	stim_train,241,-1,1024	748	49476	00241.jpg
193.4609375	0.0	stim_train,9610,-1,1025	749	49526	09610.jpg
193.66015625	0.0	stim_train,9830,-1,1026	750	49577	09830.jpg
193.859375	0.0	stim_train,1822,-1,1027	751	49628	01822.jpg
194.0625	0.0	stim_train,10080,-1,1028	752	49680	10080.jpg
194.26171875	0.0	stim_train,8732,-1,1029	753	49731	08732.jpg
194.4609375	0.0	stim_train,2687,-1,1030	754	49782	02687.jpg
194.6640625	0.0	stim_train,10506,-1,1031	755	49834	10506.jpg
195.72265625	0.0	behav,3,-1,1032	756	50105	n/a
196.078125	0.0	stim_train,8215,-1,1033	757	50196	08215.jpg
196.28125	0.0	stim_train,9696,-1,1034	758	50248	09696.jpg
196.48046875	0.0	stim_train,12939,-1,1035	759	50299	12939.jpg
196.6796875	0.0	stim_train,1730,-1,1036	760	50350	01730.jpg
196.8828125	0.0	stim_train,267,-1,1037	761	50402	00267.jpg
197.08203125	0.0	stim_train,1517,-1,1038	762	50453	01517.jpg
197.28125	0.0	stim_train,3412,-1,1039	763	50504	03412.jpg
197.48046875	0.0	stim_train,15207,-1,1040	764	50555	15207.jpg
197.68359375	0.0	stim_train,9475,-1,1041	765	50607	09475.jpg
197.8828125	0.0	stim_train,4065,-1,1042	766	50658	04065.jpg
198.08203125	0.0	stim_train,2068,-1,1043	767	50709	02068.jpg
198.28125	0.0	stim_train,13549,-1,1044	768	50760	13549.jpg
198.484375	0.0	stim_train,11090,-1,1045	769	50812	11090.jpg
198.68359375	0.0	stim_train,4841,-1,1046	770	50863	04841.jpg
198.8828125	0.0	stim_train,4643,-1,1047	771	50914	04643.jpg
199.0859375	0.0	stim_train,4679,-1,1048	772	50966	04679.jpg
199.28515625	0.0	stim_train,4928,-1,1049	773	51017	04928.jpg
199.484375	0.0	stim_train,8993,-1,1050	774	51068	08993.jpg
199.68359375	0.0	stim_train,5062,-1,1051	775	51119	05062.jpg
199.8828125	0.0	stim_train,3055,-1,1052	776	51170	03055.jpg
201.2109375	0.0	behav,3,-1,1053	777	51510	n/a
201.5703125	0.0	stim_train,6020,-1,1054	778	51602	06020.jpg
201.76953125	0.0	stim_train,5685,-1,1055	779	51653	05685.jpg
201.96875	0.0	stim_train,5688,-1,1056	780	51704	05688.jpg
202.171875	0.0	stim_train,682,-1,1057	781	51756	00682.jpg
202.37109375	0.0	stim_train,3198,-1,1058	782	51807	03198.jpg
202.5703125	0.0	stim_train,14825,-1,1059	783	51858	14825.jpg
202.76953125	0.0	stim_train,14843,-1,1060	784	51909	14843.jpg
202.97265625	0.0	stim_train,16036,-1,1061	785	51961	16036.jpg
203.171875	0.0	stim_train,4683,-1,1062	786	52012	04683.jpg
203.37109375	0.0	stim_train,5068,-1,1063	787	52063	05068.jpg
203.5703125	0.0	stim_train,15535,-1,1064	788	52114	15535.jpg
203.7734375	0.0	stim_train,885,-1,1065	789	52166	00885.jpg
203.97265625	0.0	stim_train,3635,-1,1066	790	52217	03635.jpg
204.171875	0.0	stim_train,9782,-1,1067	791	52268	09782.jpg
204.37109375	0.0	stim_train,12855,-1,1068	792	52319	12855.jpg
204.57421875	0.0	stim_train,6153,-1,1069	793	52371	06153.jpg
204.7734375	0.0	stim_train,2875,-1,1070	794	52422	02875.jpg
204.97265625	0.0	stim_train,7485,-1,1071	795	52473	07485.jpg
205.17578125	0.0	stim_train,11232,-1,1072	796	52525	11232.jpg
205.375	0.0	stim_train,4303,-1,1073	797	52576	04303.jpg
206.703125	0.0	behav,3,-1,1074	798	52916	n/a
207.04296875	0.0	stim_train,3969,-1,1075	799	53003	03969.jpg
207.2421875	0.0	stim_train,3783,-1,1076	800	53054	03783.jpg
207.44140625	0.0	stim_train,14728,-1,1077	801	53105	14728.jpg
207.64453125	0.0	stim_train,14016,-1,1078	802	53157	14016.jpg
207.84375	0.0	stim_train,11351,-1,1079	803	53208	11351.jpg
208.04296875	0.0	stim_train,11956,-1,1080	804	53259	11956.jpg
208.2421875	0.0	stim_train,16079,-1,1081	805	53310	16079.jpg
208.4453125	0.0	stim_train,16188,-1,1082	806	53362	16188.jpg
208.64453125	0.0	stim_train,6065,-1,1083	807	53413	06065.jpg
208.84375	0.0	stim_train,14737,-1,1084	808	53464	14737.jpg
209.04296875	0.0	stim_train,14100,-1,1085	809	53515	14100.jpg
209.24609375	0.0	stim_train,2294,-1,1086	810	53567	02294.jpg
209.4453125	0.0	stim_train,16155,-1,1087	811	53618	16155.jpg
209.64453125	0.0	stim_train,1280,-1,1088	812	53669	01280.jpg
209.84765625	0.0	stim_train,7577,-1,1089	813	53721	07577.jpg
210.046875	0.0	stim_train,1865,-1,1090	814	53772	01865.jpg
210.24609375	0.0	stim_train,1393,-1,1091	815	53823	01393.jpg
210.4453125	0.0	stim_train,10898,-1,1092	816	53874	10898.jpg
210.6484375	0.0	stim_train,10437,-1,1093	817	53926	10437.jpg
210.84765625	0.0	stim_train,8005,-1,1094	818	53977	08005.jpg
212.23828125	0.0	behav,3,-1,1095	819	54333	n/a
212.59765625	0.0	stim_train,6094,-1,1096	820	54425	06094.jpg
212.80078125	0.0	stim_train,6304,-1,1097	821	54477	06304.jpg
213.0	0.0	stim_train,1541,-1,1098	822	54528	01541.jpg
213.19921875	0.0	stim_train,15918,-1,1099	823	54579	15918.jpg
213.3984375	0.0	stim_train,13297,-1,1100	824	54630	13297.jpg
213.6015625	0.0	stim_train,10959,-1,1101	825	54682	10959.jpg
213.80078125	0.0	stim_train,4899,-1,1102	826	54733	04899.jpg
214.0	0.0	stim_train,6781,-1,1103	827	54784	06781.jpg
214.19921875	0.0	stim_train,8086,-1,1104	828	54835	08086.jpg
214.40234375	0.0	stim_train,14349,-1,1105	829	54887	14349.jpg
214.6015625	0.0	stim_train,5036,-1,1106	830	54938	05036.jpg
214.80078125	0.0	stim_train,10661,-1,1107	831	54989	10661.jpg
215.0	0.0	stim_train,4198,-1,1108	832	55040	04198.jpg
215.203125	0.0	stim_train,13557,-1,1109	833	55092	13557.jpg
215.40234375	0.0	stim_train,9790,-1,1110	834	55143	09790.jpg
215.6015625	0.0	stim_train,10767,-1,1111	835	55194	10767.jpg
215.80078125	0.0	stim_train,13651,-1,1112	836	55245	13651.jpg
216.00390625	0.0	stim_train,5833,-1,1113	837	55297	05833.jpg
216.203125	0.0	stim_train,15757,-1,1114	838	55348	15757.jpg
216.40234375	0.0	stim_train,8134,-1,1115	839	55399	08134.jpg
217.640625	0.0	behav,3,-1,1116	840	55716	n/a
218.00390625	0.0	stim_train,11330,-1,1117	841	55809	11330.jpg
218.203125	0.0	stim_train,2820,-1,1118	842	55860	02820.jpg
218.40625	0.0	stim_train,3636,-1,1119	843	55912	03636.jpg
218.60546875	0.0	stim_train,1887,-1,1120	844	55963	01887.jpg
218.8046875	0.0	stim_train,2792,-1,1121	845	56014	02792.jpg
219.00390625	0.0	stim_train,15820,-1,1122	846	56065	15820.jpg
219.20703125	0.0	stim_train,11624,-1,1123	847	56117	11624.jpg
219.40625	0.0	stim_train,7762,-1,1124	848	56168	07762.jpg
219.60546875	0.0	stim_train,10935,-1,1125	849	56219	10935.jpg
219.80859375	0.0	stim_train,5265,-1,1126	850	56271	05265.jpg
220.0078125	0.0	stim_train,16217,-1,1127	851	56322	16217.jpg
220.20703125	0.0	stim_train,1518,-1,1128	852	56373	01518.jpg
220.40625	0.0	stim_train,856,-1,1129	853	56424	00856.jpg
220.60546875	0.0	stim_train,5544,-1,1130	854	56475	05544.jpg
220.80859375	0.0	stim_train,15093,-1,1131	855	56527	15093.jpg
221.0078125	0.0	stim_train,5649,-1,1132	856	56578	05649.jpg
221.20703125	0.0	stim_train,4419,-1,1133	857	56629	04419.jpg
221.41015625	0.0	stim_train,15117,-1,1134	858	56681	15117.jpg
221.609375	0.0	stim_train,9139,-1,1135	859	56732	09139.jpg
221.80859375	0.0	stim_train,15051,-1,1136	860	56783	15051.jpg
223.265625	0.0	behav,3,-1,1137	861	57156	n/a
223.62890625	0.0	stim_train,3288,-1,1138	862	57249	03288.jpg
223.828125	0.0	stim_train,14619,-1,1139	863	57300	14619.jpg
224.02734375	0.0	stim_train,12777,-1,1140	864	57351	12777.jpg
224.23046875	0.0	stim_train,12346,-1,1141	865	57403	12346.jpg
224.4296875	0.0	stim_train,11350,-1,1142	866	57454	11350.jpg
224.62890625	0.0	stim_train,14180,-1,1143	867	57505	14180.jpg
224.828125	0.0	stim_train,1543,-1,1144	868	57556	01543.jpg
225.02734375	0.0	stim_train,7985,-1,1145	869	57607	07985.jpg
225.23046875	0.0	stim_train,16391,-1,1146	870	57659	16391.jpg
225.4296875	0.0	stim_train,5551,-1,1147	871	57710	05551.jpg
225.62890625	0.0	stim_train,10613,-1,1148	872	57761	10613.jpg
225.828125	0.0	stim_train,3522,-1,1149	873	57812	03522.jpg
226.03125	0.0	stim_train,5522,-1,1150	874	57864	05522.jpg
226.23046875	0.0	stim_train,8693,-1,1151	875	57915	08693.jpg
226.4296875	0.0	stim_train,13090,-1,1152	876	57966	13090.jpg
226.6328125	0.0	stim_train,5419,-1,1153	877	58018	05419.jpg
226.83203125	0.0	stim_train,9359,-1,1154	878	58069	09359.jpg
227.03125	0.0	stim_train,15484,-1,1155	879	58120	15484.jpg
227.23046875	0.0	stim_train,16454,-1,1156	880	58171	16454.jpg
227.43359375	0.0	stim_train,11641,-1,1157	881	58223	11641.jpg
228.9765625	0.0	behav,3,-1,1158	882	58618	n/a
229.3125	0.0	stim_train,5948,-1,1159	883	58704	05948.jpg
229.51171875	0.0	stim_train,1896,-1,1160	884	58755	01896.jpg
229.71484375	0.0	stim_train,8410,-1,1161	885	58807	08410.jpg
229.9140625	0.0	stim_train,14687,-1,1162	886	58858	14687.jpg
230.11328125	0.0	stim_train,12454,-1,1163	887	58909	12454.jpg
230.31640625	0.0	stim_train,12345,-1,1164	888	58961	12345.jpg
230.515625	0.0	stim_train,11462,-1,1165	889	59012	11462.jpg
230.71484375	0.0	stim_train,3295,-1,1166	890	59063	03295.jpg
230.9140625	0.0	stim_train,6045,-1,1167	891	59114	06045.jpg
231.1171875	0.0	stim_train,5275,-1,1168	892	59166	05275.jpg
231.31640625	0.0	stim_train,4508,-1,1169	893	59217	04508.jpg
231.515625	0.0	stim_train,14898,-1,1170	894	59268	14898.jpg
231.71484375	0.0	stim_train,12931,-1,1171	895	59319	12931.jpg
231.91796875	0.0	stim_train,3468,-1,1172	896	59371	03468.jpg
232.1171875	0.0	stim_train,8323,-1,1173	897	59422	08323.jpg
232.31640625	0.0	stim_train,3939,-1,1174	898	59473	03939.jpg
232.51953125	0.0	stim_train,15202,-1,1175	899	59525	15202.jpg
232.71875	0.0	stim_train,7697,-1,1176	900	59576	07697.jpg
232.91796875	0.0	stim_train,5128,-1,101	901	59627	05128.jpg
233.1171875	0.0	stim_train,13147,-1,102	902	59678	13147.jpg
234.46484375	0.0	behav,3,-1,103	903	60023	n/a
234.8203125	0.0	stim_train,2421,-1,104	904	60114	02421.jpg
235.01953125	0.0	stim_train,6994,-1,105	905	60165	06994.jpg
235.21875	0.0	stim_train,2819,-1,106	906	60216	02819.jpg
235.41796875	0.0	stim_train,5218,-1,107	907	60267	05218.jpg
235.62109375	0.0	stim_train,8351,-1,108	908	60319	08351.jpg
235.8203125	0.0	stim_train,13957,-1,109	909	60370	13957.jpg
236.01953125	0.0	stim_train,7953,-1,110	910	60421	07953.jpg
236.22265625	0.0	stim_train,4031,-1,111	911	60473	04031.jpg
236.421875	0.0	stim_train,421,-1,112	912	60524	00421.jpg
236.62109375	0.0	stim_train,13765,-1,113	913	60575	13765.jpg
236.8203125	0.0	stim_train,1090,-1,114	914	60626	01090.jpg
237.0234375	0.0	stim_train,11438,-1,115	915	60678	11438.jpg
237.22265625	0.0	stim_train,6729,-1,116	916	60729	06729.jpg
237.421875	0.0	stim_train,10310,-1,117	917	60780	10310.jpg
237.62109375	0.0	stim_train,16518,-1,118	918	60831	16518.jpg
237.8203125	0.0	stim_train,10326,-1,119	919	60882	10326.jpg
238.0234375	0.0	stim_train,3432,-1,120	920	60934	03432.jpg
238.22265625	0.0	stim_train,1778,-1,121	921	60985	01778.jpg
238.421875	0.0	stim_train,10789,-1,122	922	61036	10789.jpg
238.625	0.0	stim_train,13616,-1,123	923	61088	13616.jpg
240.0234375	0.0	behav,3,-1,124	924	61446	n/a
240.390625	0.0	stim_train,14023,-1,125	925	61540	14023.jpg
240.59375	0.0	stim_train,3306,-1,126	926	61592	03306.jpg
240.79296875	0.0	stim_train,981,-1,127	927	61643	00981.jpg
240.9921875	0.0	stim_train,6218,-1,128	928	61694	06218.jpg
241.19140625	0.0	stim_train,14580,-1,129	929	61745	14580.jpg
241.39453125	0.0	stim_train,6360,-1,130	930	61797	06360.jpg
241.59375	0.0	stim_train,4685,-1,131	931	61848	04685.jpg
241.79296875	0.0	stim_train,16439,-1,132	932	61899	16439.jpg
241.99609375	0.0	stim_train,568,-1,133	933	61951	00568.jpg
242.1953125	0.0	stim_train,6240,-1,134	934	62002	06240.jpg
242.39453125	0.0	stim_train,10318,-1,135	935	62053	10318.jpg
242.59375	0.0	stim_train,8243,-1,136	936	62104	08243.jpg
242.79296875	0.0	stim_train,1436,-1,137	937	62155	01436.jpg
242.99609375	0.0	stim_train,5831,-1,138	938	62207	05831.jpg
243.1953125	0.0	stim_train,190,-1,139	939	62258	00190.jpg
243.39453125	0.0	stim_train,12299,-1,140	940	62309	12299.jpg
243.59765625	0.0	stim_train,14897,-1,141	941	62361	14897.jpg
243.796875	0.0	stim_train,16495,-1,142	942	62412	16495.jpg
243.99609375	0.0	stim_train,16513,-1,143	943	62463	16513.jpg
244.1953125	0.0	stim_train,15911,-1,144	944	62514	15911.jpg
245.6484375	0.0	behav,3,-1,145	945	62886	n/a
246.015625	0.0	stim_train,7015,-1,146	946	62980	07015.jpg
246.21484375	0.0	stim_train,14192,-1,147	947	63031	14192.jpg
246.4140625	0.0	stim_train,6611,-1,148	948	63082	06611.jpg
246.6171875	0.0	stim_train,11959,-1,149	949	63134	11959.jpg
246.81640625	0.0	stim_train,5303,-1,150	950	63185	05303.jpg
247.015625	0.0	stim_train,159,-1,151	951	63236	00159.jpg
247.21484375	0.0	stim_train,6090,-1,152	952	63287	06090.jpg
247.41796875	0.0	stim_train,12018,-1,153	953	63339	12018.jpg
247.6171875	0.0	stim_train,15530,-1,154	954	63390	15530.jpg
247.81640625	0.0	stim_train,2062,-1,155	955	63441	02062.jpg
248.015625	0.0	stim_train,4796,-1,156	956	63492	04796.jpg
248.21875	0.0	stim_train,8976,-1,157	957	63544	08976.jpg
248.41796875	0.0	stim_train,2696,-1,158	958	63595	02696.jpg
248.6171875	0.0	stim_train,9078,-1,159	959	63646	09078.jpg
248.81640625	0.0	stim_train,10646,-1,160	960	63697	10646.jpg
249.01953125	0.0	stim_train,11459,-1,161	961	63749	11459.jpg
249.21875	0.0	stim_train,1881,-1,162	962	63800	01881.jpg
249.41796875	0.0	stim_train,314,-1,163	963	63851	00314.jpg
249.62109375	0.0	stim_train,15982,-1,164	964	63903	15982.jpg
249.8203125	0.0	stim_train,4410,-1,165	965	63954	04410.jpg
251.140625	0.0	behav,3,-1,166	966	64292	n/a
251.48828125	0.0	stim_train,15684,-1,167	967	64381	15684.jpg
251.6875	0.0	stim_train,5816,-1,168	968	64432	05816.jpg
251.88671875	0.0	stim_train,3466,-1,169	969	64483	03466.jpg
252.08984375	0.0	stim_train,13182,-1,170	970	64535	13182.jpg
252.2890625	0.0	stim_train,3553,-1,171	971	64586	03553.jpg
252.48828125	0.0	stim_train,13907,-1,172	972	64637	13907.jpg
252.6875	0.0	stim_train,14736,-1,173	973	64688	14736.jpg
252.890625	0.0	stim_train,1739,-1,174	974	64740	01739.jpg
253.08984375	0.0	stim_train,15108,-1,175	975	64791	15108.jpg
253.2890625	0.0	stim_train,622,-1,176	976	64842	00622.jpg
253.48828125	0.0	stim_train,10826,-1,177	977	64893	10826.jpg
253.69140625	0.0	stim_train,121,-1,178	978	64945	00121.jpg
253.890625	0.0	stim_train,14912,-1,179	979	64996	14912.jpg
254.08984375	0.0	stim_train,11538,-1,180	980	65047	11538.jpg
254.2890625	0.0	stim_train,13672,-1,181	981	65098	13672.jpg
254.4921875	0.0	stim_train,236,-1,182	982	65150	00236.jpg
254.69140625	0.0	stim_train,16210,-1,183	983	65201	16210.jpg
254.890625	0.0	stim_train,2871,-1,184	984	65252	02871.jpg
255.09375	0.0	stim_train,16437,-1,185	985	65304	16437.jpg
255.29296875	0.0	stim_train,8864,-1,186	986	65355	08864.jpg
256.5625	0.0	behav,3,-1,187	987	65680	n/a
256.92578125	0.0	stim_train,4529,-1,188	988	65773	04529.jpg
257.12890625	0.0	stim_train,5555,-1,189	989	65825	05555.jpg
257.328125	0.0	stim_train,15510,-1,190	990	65876	15510.jpg
257.52734375	0.0	stim_train,14341,-1,191	991	65927	14341.jpg
257.7265625	0.0	stim_train,1017,-1,192	992	65978	01017.jpg
257.9296875	0.0	stim_train,2066,-1,193	993	66030	02066.jpg
258.12890625	0.0	stim_train,677,-1,194	994	66081	00677.jpg
258.328125	0.0	stim_train,8121,-1,195	995	66132	08121.jpg
258.52734375	0.0	stim_train,12602,-1,196	996	66183	12602.jpg
258.73046875	0.0	stim_train,6716,-1,197	997	66235	06716.jpg
258.9296875	0.0	stim_train,3780,-1,198	998	66286	03780.jpg
259.12890625	0.0	stim_train,10648,-1,199	999	66337	10648.jpg
259.328125	0.0	stim_train,9104,-1,200	1000	66388	09104.jpg
259.53125	0.0	stim_train,985,-1,201	1001	66440	00985.jpg
259.73046875	0.0	stim_train,2003,-1,202	1002	66491	02003.jpg
259.9296875	0.0	stim_train,7607,-1,203	1003	66542	07607.jpg
260.12890625	0.0	stim_train,8738,-1,204	1004	66593	08738.jpg
260.33203125	0.0	stim_train,7967,-1,205	1005	66645	07967.jpg
260.53125	0.0	stim_train,13006,-1,206	1006	66696	13006.jpg
260.73046875	0.0	stim_train,4695,-1,207	1007	66747	04695.jpg
263.203125	0.0	behav,3,-1,208	1008	67380	n/a
263.55078125	0.0	stim_train,15966,-1,209	1009	67469	15966.jpg
263.74609375	0.0	stim_train,13554,-1,210	1010	67519	13554.jpg
263.94921875	0.0	stim_train,9789,-1,211	1011	67571	09789.jpg
264.1484375	0.0	stim_train,4828,-1,212	1012	67622	04828.jpg
264.34765625	0.0	stim_train,9087,-1,213	1013	67673	09087.jpg
264.546875	0.0	stim_train,1958,-1,214	1014	67724	01958.jpg
264.74609375	0.0	stim_train,13141,-1,215	1015	67775	13141.jpg
264.94921875	0.0	stim_train,14154,-1,216	1016	67827	14154.jpg
265.1484375	0.0	stim_train,2624,-1,217	1017	67878	02624.jpg
265.34765625	0.0	stim_train,7110,-1,218	1018	67929	07110.jpg
265.55078125	0.0	stim_train,13629,-1,219	1019	67981	13629.jpg
265.75	0.0	stim_train,10532,-1,220	1020	68032	10532.jpg
265.94921875	0.0	stim_train,8216,-1,221	1021	68083	08216.jpg
266.1484375	0.0	stim_train,14352,-1,222	1022	68134	14352.jpg
266.3515625	0.0	stim_train,11085,-1,223	1023	68186	11085.jpg
266.55078125	0.0	stim_train,13509,-1,224	1024	68237	13509.jpg
266.75	0.0	stim_train,15587,-1,225	1025	68288	15587.jpg
266.953125	0.0	stim_train,12578,-1,226	1026	68340	12578.jpg
267.15234375	0.0	stim_train,10382,-1,227	1027	68391	10382.jpg
267.3515625	0.0	stim_train,13904,-1,228	1028	68442	13904.jpg
268.64453125	0.0	behav,3,-1,229	1029	68773	n/a
269.00390625	0.0	stim_train,13614,-1,230	1030	68865	13614.jpg
269.203125	0.0	stim_train,4095,-1,231	1031	68916	04095.jpg
269.40234375	0.0	stim_train,16104,-1,232	1032	68967	16104.jpg
269.60546875	0.0	stim_train,12294,-1,233	1033	69019	12294.jpg
269.8046875	0.0	stim_train,11537,-1,234	1034	69070	11537.jpg
270.00390625	0.0	stim_train,11056,-1,235	1035	69121	11056.jpg
270.203125	0.0	stim_train,10843,-1,236	1036	69172	10843.jpg
270.40625	0.0	stim_train,10470,-1,237	1037	69224	10470.jpg
270.60546875	0.0	stim_train,16213,-1,238	1038	69275	16213.jpg
270.8046875	0.0	stim_train,1637,-1,239	1039	69326	01637.jpg
271.00390625	0.0	stim_train,5572,-1,240	1040	69377	05572.jpg
271.20703125	0.0	stim_train,537,-1,241	1041	69429	00537.jpg
271.40625	0.0	stim_train,5727,-1,242	1042	69480	05727.jpg
271.60546875	0.0	stim_train,7629,-1,243	1043	69531	07629.jpg
271.8046875	0.0	stim_train,9969,-1,244	1044	69582	09969.jpg
272.0078125	0.0	stim_train,8470,-1,245	1045	69634	08470.jpg
272.20703125	0.0	stim_train,886,-1,246	1046	69685	00886.jpg
272.40625	0.0	stim_train,3567,-1,247	1047	69736	03567.jpg
272.60546875	0.0	stim_train,11926,-1,248	1048	69787	11926.jpg
272.80859375	0.0	stim_train,6982,-1,249	1049	69839	06982.jpg
274.109375	0.0	behav,3,-1,250	1050	70172	n/a
274.4609375	0.0	stim_train,14910,-1,251	1051	70262	14910.jpg
274.66015625	0.0	stim_train,14971,-1,252	1052	70313	14971.jpg
274.859375	0.0	stim_train,16287,-1,253	1053	70364	16287.jpg
275.05859375	0.0	stim_train,5914,-1,254	1054	70415	05914.jpg
275.26171875	0.0	stim_train,13672,-1,255	1055	70467	13672.jpg
275.4609375	0.0	stim_train,10640,-1,256	1056	70518	10640.jpg
275.66015625	0.0	stim_train,8720,-1,257	1057	70569	08720.jpg
275.859375	0.0	stim_train,4522,-1,258	1058	70620	04522.jpg
276.0625	0.0	stim_train,11619,-1,259	1059	70672	11619.jpg
276.26171875	0.0	stim_train,13513,-1,260	1060	70723	13513.jpg
276.4609375	0.0	stim_train,16509,-1,261	1061	70774	16509.jpg
276.66015625	0.0	stim_train,14158,-1,262	1062	70825	14158.jpg
276.86328125	0.0	stim_train,9661,-1,263	1063	70877	09661.jpg
277.0625	0.0	stim_train,6031,-1,264	1064	70928	06031.jpg
277.26171875	0.0	stim_train,15500,-1,265	1065	70979	15500.jpg
277.4609375	0.0	stim_train,7411,-1,266	1066	71030	07411.jpg
277.6640625	0.0	stim_train,5199,-1,267	1067	71082	05199.jpg
277.86328125	0.0	stim_train,679,-1,268	1068	71133	00679.jpg
278.0625	0.0	stim_train,1774,-1,269	1069	71184	01774.jpg
278.26171875	0.0	stim_train,13987,-1,270	1070	71235	13987.jpg
279.375	0.0	behav,3,-1,271	1071	71520	n/a
279.71484375	0.0	stim_train,7257,-1,272	1072	71607	07257.jpg
279.9140625	0.0	stim_train,8028,-1,273	1073	71658	08028.jpg
280.1171875	0.0	stim_train,5842,-1,274	1074	71710	05842.jpg
280.31640625	0.0	stim_train,10958,-1,275	1075	71761	10958.jpg
280.515625	0.0	stim_train,290,-1,276	1076	71812	00290.jpg
280.71484375	0.0	stim_train,4826,-1,277	1077	71863	04826.jpg
280.91796875	0.0	stim_train,11442,-1,278	1078	71915	11442.jpg
281.1171875	0.0	stim_train,13946,-1,279	1079	71966	13946.jpg
281.31640625	0.0	stim_train,13927,-1,280	1080	72017	13927.jpg
281.515625	0.0	stim_train,1894,-1,281	1081	72068	01894.jpg
281.71875	0.0	stim_train,4051,-1,282	1082	72120	04051.jpg
281.91796875	0.0	stim_train,6101,-1,283	1083	72171	06101.jpg
282.1171875	0.0	stim_train,11007,-1,284	1084	72222	11007.jpg
282.31640625	0.0	stim_train,11228,-1,285	1085	72273	11228.jpg
282.51953125	0.0	stim_train,11186,-1,286	1086	72325	11186.jpg
282.71875	0.0	stim_train,5669,-1,287	1087	72376	05669.jpg
282.91796875	0.0	stim_train,8879,-1,288	1088	72427	08879.jpg
283.12109375	0.0	stim_train,1676,-1,289	1089	72479	01676.jpg
283.3203125	0.0	stim_train,5525,-1,290	1090	72530	05525.jpg
283.51953125	0.0	stim_train,4820,-1,291	1091	72581	04820.jpg
284.98046875	0.0	behav,3,-1,292	1092	72955	n/a
285.3203125	0.0	stim_train,353,-1,293	1093	73042	00353.jpg
285.5234375	0.0	stim_train,2812,-1,294	1094	73094	02812.jpg
285.72265625	0.0	stim_train,11091,-1,295	1095	73145	11091.jpg
285.921875	0.0	stim_train,3019,-1,296	1096	73196	03019.jpg
286.12109375	0.0	stim_train,7101,-1,297	1097	73247	07101.jpg
286.32421875	0.0	stim_train,6710,-1,298	1098	73299	06710.jpg
286.5234375	0.0	stim_train,10758,-1,299	1099	73350	10758.jpg
286.72265625	0.0	stim_train,6635,-1,300	1100	73401	06635.jpg
286.921875	0.0	stim_train,12778,-1,301	1101	73452	12778.jpg
287.125	0.0	stim_train,10191,-1,302	1102	73504	10191.jpg
287.32421875	0.0	stim_train,296,-1,303	1103	73555	00296.jpg
287.5234375	0.0	stim_train,2799,-1,304	1104	73606	02799.jpg
287.72265625	0.0	stim_train,13091,-1,305	1105	73657	13091.jpg
287.92578125	0.0	stim_train,5791,-1,306	1106	73709	05791.jpg
288.125	0.0	stim_train,4367,-1,307	1107	73760	04367.jpg
288.32421875	0.0	stim_train,1521,-1,308	1108	73811	01521.jpg
288.5234375	0.0	stim_train,15057,-1,309	1109	73862	15057.jpg
288.7265625	0.0	stim_train,8999,-1,310	1110	73914	08999.jpg
288.92578125	0.0	stim_train,13730,-1,311	1111	73965	13730.jpg
289.125	0.0	stim_train,9678,-1,312	1112	74016	09678.jpg
290.40234375	0.0	behav,3,-1,313	1113	74343	n/a
290.7421875	0.0	stim_train,16095,-1,314	1114	74430	16095.jpg
290.9453125	0.0	stim_train,5815,-1,315	1115	74482	05815.jpg
291.14453125	0.0	stim_train,3958,-1,316	1116	74533	03958.jpg
291.34375	0.0	stim_train,5653,-1,317	1117	74584	05653.jpg
291.546875	0.0	stim_train,12637,-1,318	1118	74636	12637.jpg
291.74609375	0.0	stim_train,374,-1,319	1119	74687	00374.jpg
291.9453125	0.0	stim_train,12779,-1,320	1120	74738	12779.jpg
292.14453125	0.0	stim_train,10768,-1,321	1121	74789	10768.jpg
292.34765625	0.0	stim_train,6113,-1,322	1122	74841	06113.jpg
292.546875	0.0	stim_train,15578,-1,323	1123	74892	15578.jpg
292.74609375	0.0	oddball,16745,-1,324	1124	74943	16745.jpg
292.9453125	0.0	stim_train,4146,-1,325	1125	74994	04146.jpg
293.1484375	0.0	stim_train,8836,-1,326	1126	75046	08836.jpg
293.34765625	0.0	stim_train,7846,-1,327	1127	75097	07846.jpg
293.546875	0.0	stim_train,12963,-1,328	1128	75148	12963.jpg
293.74609375	0.0	stim_train,17,-1,329	1129	75199	00017.jpg
293.94921875	0.0	stim_train,8935,-1,330	1130	75251	08935.jpg
294.1484375	0.0	stim_train,7701,-1,331	1131	75302	07701.jpg
294.34765625	0.0	stim_train,6288,-1,332	1132	75353	06288.jpg
294.546875	0.0	stim_train,8605,-1,333	1133	75404	08605.jpg
295.89453125	0.0	behav,2,-1,334	1134	75749	n/a
296.234375	0.0	stim_train,7134,-1,335	1135	75836	07134.jpg
296.43359375	0.0	stim_train,11600,-1,336	1136	75887	11600.jpg
296.6328125	0.0	stim_train,4058,-1,337	1137	75938	04058.jpg
296.8359375	0.0	stim_train,3050,-1,338	1138	75990	03050.jpg
297.03515625	0.0	stim_train,837,-1,339	1139	76041	00837.jpg
297.234375	0.0	stim_train,13628,-1,340	1140	76092	13628.jpg
297.43359375	0.0	stim_train,5242,-1,341	1141	76143	05242.jpg
297.63671875	0.0	stim_train,4397,-1,342	1142	76195	04397.jpg
297.8359375	0.0	stim_train,15403,-1,343	1143	76246	15403.jpg
298.03515625	0.0	stim_train,310,-1,344	1144	76297	00310.jpg
298.234375	0.0	stim_train,6751,-1,345	1145	76348	06751.jpg
298.4375	0.0	stim_train,14846,-1,346	1146	76400	14846.jpg
298.63671875	0.0	stim_train,3857,-1,347	1147	76451	03857.jpg
298.83203125	0.0	stim_train,9448,-1,348	1148	76501	09448.jpg
299.03125	0.0	stim_train,16060,-1,349	1149	76552	16060.jpg
299.234375	0.0	stim_train,3174,-1,350	1150	76604	03174.jpg
299.43359375	0.0	stim_train,12298,-1,351	1151	76655	12298.jpg
299.6328125	0.0	stim_train,12046,-1,352	1152	76706	12046.jpg
299.83203125	0.0	stim_train,1738,-1,353	1153	76757	01738.jpg
300.03515625	0.0	stim_train,3706,-1,354	1154	76809	03706.jpg
301.46875	0.0	behav,3,-1,355	1155	77176	n/a
301.8203125	0.0	stim_train,2612,-1,356	1156	77266	02612.jpg
302.01953125	0.0	stim_train,11224,-1,357	1157	77317	11224.jpg
302.21875	0.0	stim_train,11310,-1,358	1158	77368	11310.jpg
302.421875	0.0	stim_train,3313,-1,359	1159	77420	03313.jpg
302.62109375	0.0	stim_train,16126,-1,360	1160	77471	16126.jpg
302.8203125	0.0	stim_train,16274,-1,361	1161	77522	16274.jpg
303.01953125	0.0	stim_train,8321,-1,362	1162	77573	08321.jpg
303.21875	0.0	stim_train,2286,-1,363	1163	77624	02286.jpg
303.421875	0.0	stim_train,8949,-1,364	1164	77676	08949.jpg
303.62109375	0.0	stim_train,8945,-1,365	1165	77727	08945.jpg
303.8203125	0.0	stim_train,1636,-1,366	1166	77778	01636.jpg
304.0234375	0.0	stim_train,7155,-1,367	1167	77830	07155.jpg
304.22265625	0.0	stim_train,16120,-1,368	1168	77881	16120.jpg
304.421875	0.0	stim_train,11334,-1,369	1169	77932	11334.jpg
304.62109375	0.0	stim_train,12384,-1,370	1170	77983	12384.jpg
304.8203125	0.0	stim_train,2425,-1,371	1171	78034	02425.jpg
305.0234375	0.0	stim_train,2924,-1,372	1172	78086	02924.jpg
305.22265625	0.0	stim_train,13784,-1,373	1173	78137	13784.jpg
305.421875	0.0	stim_train,16254,-1,374	1174	78188	16254.jpg
305.625	0.0	stim_train,4145,-1,375	1175	78240	04145.jpg
306.89453125	0.0	behav,3,-1,376	1176	78565	n/a
