onset	duration	trial_type	value	sample	stim_file
0.4453125	0.0	stim_train,3408,-1,1	1	114	03408.jpg
0.6640625	0.0	stim_train,13322,-1,2	2	170	13322.jpg
0.87890625	0.0	stim_train,8787,-1,3	3	225	08787.jpg
1.09765625	0.0	stim_train,1896,-1,4	4	281	01896.jpg
1.31640625	0.0	stim_train,15144,-1,5	5	337	15144.jpg
1.53125	0.0	stim_train,15968,-1,6	6	392	15968.jpg
1.73046875	0.0	stim_train,5027,-1,7	7	443	05027.jpg
1.93359375	0.0	stim_train,13578,-1,8	8	495	13578.jpg
2.1328125	0.0	stim_train,16156,-1,9	9	546	16156.jpg
2.34765625	0.0	stim_train,11694,-1,10	10	601	11694.jpg
2.56640625	0.0	stim_train,2992,-1,11	11	657	02992.jpg
2.78125	0.0	stim_train,6885,-1,12	12	712	06885.jpg
2.984375	0.0	stim_train,6779,-1,13	13	764	06779.jpg
3.19921875	0.0	stim_train,14631,-1,14	14	819	14631.jpg
3.3984375	0.0	stim_train,1259,-1,15	15	870	01259.jpg
3.6171875	0.0	stim_train,5473,-1,16	16	926	05473.jpg
3.83203125	0.0	stim_train,8598,-1,17	17	981	08598.jpg
4.05078125	0.0	stim_train,14338,-1,18	18	1037	14338.jpg
4.265625	0.0	stim_train,1795,-1,19	19	1092	01795.jpg
4.46875	0.0	stim_train,10896,-1,20	20	1144	10896.jpg
5.44140625	0.0	behav,3,-1,21	21	1393	n/a
5.78515625	0.0	stim_train,11489,-1,22	22	1481	11489.jpg
6.0	0.0	stim_train,9620,-1,23	23	1536	09620.jpg
6.21875	0.0	stim_train,14711,-1,24	24	1592	14711.jpg
6.4375	0.0	stim_train,3912,-1,25	25	1648	03912.jpg
6.65234375	0.0	stim_train,11699,-1,26	26	1703	11699.jpg
6.85546875	0.0	stim_train,6674,-1,27	27	1755	06674.jpg
7.0546875	0.0	stim_train,8183,-1,28	28	1806	08183.jpg
7.26953125	0.0	stim_train,8692,-1,29	29	1861	08692.jpg
7.46875	0.0	stim_train,3750,-1,30	30	1912	03750.jpg
7.6875	0.0	stim_train,14603,-1,31	31	1968	14603.jpg
7.90625	0.0	oddball,16748,-1,32	32	2024	16748.jpg
8.12109375	0.0	stim_train,8594,-1,33	33	2079	08594.jpg
8.3203125	0.0	stim_train,5738,-1,34	34	2130	05738.jpg
8.5390625	0.0	stim_train,11467,-1,35	35	2186	11467.jpg
8.73828125	0.0	stim_train,1307,-1,36	36	2237	01307.jpg
8.95703125	0.0	stim_train,16315,-1,37	37	2293	16315.jpg
9.171875	0.0	stim_train,7528,-1,38	38	2348	07528.jpg
9.375	0.0	stim_train,11559,-1,39	39	2400	11559.jpg
9.57421875	0.0	stim_train,9372,-1,40	40	2451	09372.jpg
9.7890625	0.0	stim_train,13651,-1,41	41	2506	13651.jpg
11.0234375	0.0	behav,2,-1,42	42	2822	n/a
11.390625	0.0	stim_train,9334,-1,43	43	2916	09334.jpg
11.609375	0.0	stim_train,3008,-1,44	44	2972	03008.jpg
11.82421875	0.0	stim_train,1600,-1,45	45	3027	01600.jpg
12.04296875	0.0	stim_train,7652,-1,46	46	3083	07652.jpg
12.2421875	0.0	stim_train,15888,-1,47	47	3134	15888.jpg
12.4609375	0.0	stim_train,6027,-1,48	48	3190	06027.jpg
12.67578125	0.0	stim_train,4454,-1,49	49	3245	04454.jpg
12.89453125	0.0	stim_train,11150,-1,50	50	3301	11150.jpg
13.09375	0.0	stim_train,5638,-1,51	51	3352	05638.jpg
13.3125	0.0	stim_train,283,-1,52	52	3408	00283.jpg
13.51171875	0.0	stim_train,10300,-1,53	53	3459	10300.jpg
13.7265625	0.0	stim_train,593,-1,54	54	3514	00593.jpg
13.9453125	0.0	stim_train,11352,-1,55	55	3570	11352.jpg
14.14453125	0.0	stim_train,7159,-1,56	56	3621	07159.jpg
14.359375	0.0	stim_train,11358,-1,57	57	3676	11358.jpg
14.5625	0.0	stim_train,11223,-1,58	58	3728	11223.jpg
14.76171875	0.0	stim_train,1313,-1,59	59	3779	01313.jpg
14.9765625	0.0	stim_train,11813,-1,60	60	3834	11813.jpg
15.1796875	0.0	stim_train,826,-1,61	61	3886	00826.jpg
15.37890625	0.0	stim_train,12789,-1,62	62	3937	12789.jpg
16.33203125	0.0	behav,3,-1,63	63	4181	n/a
16.71484375	0.0	stim_train,6636,-1,64	64	4279	06636.jpg
16.9140625	0.0	stim_train,12561,-1,65	65	4330	12561.jpg
17.11328125	0.0	stim_train,11442,-1,66	66	4381	11442.jpg
17.31640625	0.0	stim_train,13457,-1,67	67	4433	13457.jpg
17.515625	0.0	stim_train,11193,-1,68	68	4484	11193.jpg
17.73046875	0.0	stim_train,8181,-1,69	69	4539	08181.jpg
17.94921875	0.0	stim_train,7263,-1,70	70	4595	07263.jpg
18.1640625	0.0	stim_train,4239,-1,71	71	4650	04239.jpg
18.3828125	0.0	stim_train,2973,-1,72	72	4706	02973.jpg
18.58203125	0.0	stim_train,15795,-1,73	73	4757	15795.jpg
18.80078125	0.0	stim_train,4983,-1,74	74	4813	04983.jpg
19.015625	0.0	stim_train,9683,-1,75	75	4868	09683.jpg
19.234375	0.0	stim_train,5856,-1,76	76	4924	05856.jpg
19.44921875	0.0	stim_train,8358,-1,77	77	4979	08358.jpg
19.66796875	0.0	stim_train,10458,-1,78	78	5035	10458.jpg
19.8671875	0.0	stim_train,11391,-1,79	79	5086	11391.jpg
20.06640625	0.0	stim_train,5322,-1,80	80	5137	05322.jpg
20.265625	0.0	stim_train,6798,-1,81	81	5188	06798.jpg
20.484375	0.0	stim_train,14077,-1,82	82	5244	14077.jpg
20.68359375	0.0	stim_train,6973,-1,83	83	5295	06973.jpg
21.7109375	0.0	behav,3,-1,84	84	5558	n/a
22.0546875	0.0	stim_train,10974,-1,85	85	5646	10974.jpg
22.26953125	0.0	stim_train,3092,-1,86	86	5701	03092.jpg
22.46875	0.0	stim_train,9159,-1,87	87	5752	09159.jpg
22.6875	0.0	stim_train,13876,-1,88	88	5808	13876.jpg
22.88671875	0.0	stim_train,5020,-1,89	89	5859	05020.jpg
23.10546875	0.0	stim_train,12472,-1,90	90	5915	12472.jpg
23.3203125	0.0	stim_train,5597,-1,91	91	5970	05597.jpg
23.51953125	0.0	stim_train,15689,-1,92	92	6021	15689.jpg
23.73828125	0.0	stim_train,8111,-1,93	93	6077	08111.jpg
23.953125	0.0	stim_train,12074,-1,94	94	6132	12074.jpg
24.171875	0.0	stim_train,5543,-1,95	95	6188	05543.jpg
24.37109375	0.0	stim_train,7338,-1,96	96	6239	07338.jpg
24.515625	0.0	stim_train,15904,-1,97	97	6276	15904.jpg
24.515625	0.0	stim_train,14474,-1,98	98	6276	14474.jpg
24.515625	0.0	stim_train,4006,-1,99	99	6276	04006.jpg
25.55078125	0.0	stim_train,9053,-1,100	100	6541	09053.jpg
25.55078125	0.0	stim_train,10126,-1,377	101	6541	10126.jpg
25.625	0.0	stim_train,877,-1,378	102	6560	00877.jpg
25.83984375	0.0	stim_train,12949,-1,379	103	6615	12949.jpg
26.05859375	0.0	stim_train,6033,-1,380	104	6671	06033.jpg
27.04296875	0.0	behav,3,-1,381	105	6923	n/a
27.2734375	0.0	stim_train,8466,-1,382	106	6982	08466.jpg
27.2734375	0.0	stim_train,11498,-1,383	107	6982	11498.jpg
28.08984375	0.0	stim_train,5806,-1,384	108	7191	05806.jpg
28.08984375	0.0	stim_train,13174,-1,385	109	7191	13174.jpg
28.2265625	0.0	stim_train,5574,-1,386	110	7226	05574.jpg
28.42578125	0.0	stim_train,7136,-1,387	111	7277	07136.jpg
28.64453125	0.0	stim_train,9536,-1,388	112	7333	09536.jpg
28.859375	0.0	stim_train,9122,-1,389	113	7388	09122.jpg
29.05859375	0.0	stim_train,8153,-1,390	114	7439	08153.jpg
29.27734375	0.0	stim_train,3036,-1,391	115	7495	03036.jpg
29.4921875	0.0	stim_train,7770,-1,392	116	7550	07770.jpg
29.6953125	0.0	stim_train,13323,-1,393	117	7602	13323.jpg
29.89453125	0.0	stim_train,4191,-1,394	118	7653	04191.jpg
30.09375	0.0	stim_train,10202,-1,395	119	7704	10202.jpg
30.3125	0.0	stim_train,6961,-1,396	120	7760	06961.jpg
30.51171875	0.0	stim_train,4107,-1,397	121	7811	04107.jpg
30.7265625	0.0	stim_train,2990,-1,398	122	7866	02990.jpg
30.9453125	0.0	stim_train,4576,-1,399	123	7922	04576.jpg
31.16015625	0.0	stim_train,5019,-1,400	124	7977	05019.jpg
31.37890625	0.0	stim_train,14093,-1,401	125	8033	14093.jpg
32.3984375	0.0	behav,3,-1,402	126	8294	n/a
32.76171875	0.0	stim_train,11481,-1,403	127	8387	11481.jpg
32.98046875	0.0	stim_train,8032,-1,404	128	8443	08032.jpg
33.19921875	0.0	stim_train,1263,-1,405	129	8499	01263.jpg
33.3984375	0.0	stim_train,3979,-1,406	130	8550	03979.jpg
33.61328125	0.0	stim_train,16199,-1,407	131	8605	16199.jpg
33.83203125	0.0	stim_train,12562,-1,408	132	8661	12562.jpg
34.046875	0.0	stim_train,6314,-1,409	133	8716	06314.jpg
34.265625	0.0	stim_train,15918,-1,410	134	8772	15918.jpg
34.48046875	0.0	stim_train,1798,-1,411	135	8827	01798.jpg
34.68359375	0.0	stim_train,13422,-1,412	136	8879	13422.jpg
34.8984375	0.0	stim_train,14295,-1,413	137	8934	14295.jpg
35.1015625	0.0	stim_train,11446,-1,414	138	8986	11446.jpg
35.31640625	0.0	stim_train,4100,-1,415	139	9041	04100.jpg
35.53515625	0.0	stim_train,10699,-1,416	140	9097	10699.jpg
35.75	0.0	stim_train,8433,-1,417	141	9152	08433.jpg
35.94921875	0.0	stim_train,3622,-1,418	142	9203	03622.jpg
36.1640625	0.0	stim_train,8216,-1,419	143	9258	08216.jpg
36.36328125	0.0	stim_train,7142,-1,420	144	9309	07142.jpg
36.58203125	0.0	stim_train,14223,-1,421	145	9365	14223.jpg
36.796875	0.0	stim_train,11272,-1,422	146	9420	11272.jpg
37.796875	0.0	behav,3,-1,423	147	9676	n/a
38.15234375	0.0	stim_train,11105,-1,424	148	9767	11105.jpg
38.37109375	0.0	stim_train,16016,-1,425	149	9823	16016.jpg
38.5859375	0.0	stim_train,6358,-1,426	150	9878	06358.jpg
38.80078125	0.0	stim_train,3646,-1,427	151	9933	03646.jpg
39.015625	0.0	stim_train,6786,-1,428	152	9988	06786.jpg
39.21875	0.0	stim_train,12708,-1,429	153	10040	12708.jpg
39.43359375	0.0	stim_train,6911,-1,430	154	10095	06911.jpg
39.65625	0.0	stim_train,13235,-1,431	155	10152	13235.jpg
39.87109375	0.0	stim_train,15050,-1,432	156	10207	15050.jpg
40.08984375	0.0	stim_train,731,-1,433	157	10263	00731.jpg
40.2890625	0.0	stim_train,14831,-1,434	158	10314	14831.jpg
40.50390625	0.0	stim_train,4959,-1,435	159	10369	04959.jpg
40.72265625	0.0	stim_train,3919,-1,436	160	10425	03919.jpg
40.94140625	0.0	stim_train,13394,-1,437	161	10481	13394.jpg
41.15625	0.0	stim_train,15146,-1,438	162	10536	15146.jpg
41.35546875	0.0	stim_train,11055,-1,439	163	10587	11055.jpg
41.57421875	0.0	stim_train,6351,-1,440	164	10643	06351.jpg
41.7734375	0.0	stim_train,6879,-1,441	165	10694	06879.jpg
41.98828125	0.0	stim_train,15501,-1,442	166	10749	15501.jpg
42.20703125	0.0	stim_train,6065,-1,443	167	10805	06065.jpg
43.23828125	0.0	behav,3,-1,444	168	11069	n/a
43.609375	0.0	stim_train,9782,-1,445	169	11164	09782.jpg
43.82421875	0.0	stim_train,939,-1,446	170	11219	00939.jpg
44.04296875	0.0	stim_train,2223,-1,447	171	11275	02223.jpg
44.2578125	0.0	stim_train,7789,-1,448	172	11330	07789.jpg
44.4609375	0.0	stim_train,4375,-1,449	173	11382	04375.jpg
44.67578125	0.0	stim_train,9043,-1,450	174	11437	09043.jpg
44.89453125	0.0	stim_train,9166,-1,451	175	11493	09166.jpg
45.10546875	0.0	stim_train,14885,-1,452	176	11547	14885.jpg
45.32421875	0.0	stim_train,1371,-1,453	177	11603	01371.jpg
45.5234375	0.0	stim_train,7974,-1,454	178	11654	07974.jpg
45.72265625	0.0	stim_train,4091,-1,455	179	11705	04091.jpg
45.94140625	0.0	stim_train,11331,-1,456	180	11761	11331.jpg
46.15625	0.0	stim_train,15939,-1,457	181	11816	15939.jpg
46.359375	0.0	stim_train,14901,-1,458	182	11868	14901.jpg
46.578125	0.0	stim_train,8699,-1,459	183	11924	08699.jpg
46.796875	0.0	stim_train,2299,-1,460	184	11980	02299.jpg
46.99609375	0.0	stim_train,3025,-1,461	185	12031	03025.jpg
47.1953125	0.0	stim_train,566,-1,462	186	12082	00566.jpg
47.4140625	0.0	stim_train,5427,-1,463	187	12138	05427.jpg
47.62890625	0.0	stim_train,11622,-1,464	188	12193	11622.jpg
48.59375	0.0	behav,3,-1,465	189	12440	n/a
48.96484375	0.0	stim_train,15316,-1,466	190	12535	15316.jpg
49.1796875	0.0	stim_train,5559,-1,467	191	12590	05559.jpg
49.3984375	0.0	stim_train,16512,-1,468	192	12646	16512.jpg
49.59765625	0.0	stim_train,13969,-1,469	193	12697	13969.jpg
49.8125	0.0	stim_train,15968,-1,470	194	12752	15968.jpg
50.015625	0.0	oddball,16744,-1,471	195	12804	16744.jpg
50.23046875	0.0	stim_train,9629,-1,472	196	12859	09629.jpg
50.44921875	0.0	stim_train,9265,-1,473	197	12915	09265.jpg
50.6484375	0.0	stim_train,1316,-1,474	198	12966	01316.jpg
50.84375	0.0	stim_train,13183,-1,475	199	13016	13183.jpg
51.046875	0.0	stim_train,1792,-1,476	200	13068	01792.jpg
51.26171875	0.0	stim_train,11003,-1,477	201	13123	11003.jpg
51.48046875	0.0	stim_train,3866,-1,478	202	13179	03866.jpg
51.6796875	0.0	stim_train,2272,-1,479	203	13230	02272.jpg
51.8984375	0.0	stim_train,11896,-1,480	204	13286	11896.jpg
52.11328125	0.0	stim_train,9228,-1,481	205	13341	09228.jpg
52.33203125	0.0	stim_train,5260,-1,482	206	13397	05260.jpg
52.53125	0.0	stim_train,10008,-1,483	207	13448	10008.jpg
52.75	0.0	stim_train,16332,-1,484	208	13504	16332.jpg
52.96484375	0.0	stim_train,3380,-1,485	209	13559	03380.jpg
53.94921875	0.0	behav,2,-1,486	210	13811	n/a
54.30078125	0.0	stim_train,8319,-1,487	211	13901	08319.jpg
54.5	0.0	stim_train,11859,-1,488	212	13952	11859.jpg
54.71875	0.0	stim_train,11180,-1,489	213	14008	11180.jpg
54.93359375	0.0	stim_train,2282,-1,490	214	14063	02282.jpg
55.15234375	0.0	stim_train,16274,-1,491	215	14119	16274.jpg
55.3515625	0.0	stim_train,10044,-1,492	216	14170	10044.jpg
55.56640625	0.0	stim_train,2547,-1,493	217	14225	02547.jpg
55.78515625	0.0	stim_train,11598,-1,494	218	14281	11598.jpg
55.984375	0.0	stim_train,13006,-1,495	219	14332	13006.jpg
56.18359375	0.0	stim_train,11336,-1,496	220	14383	11336.jpg
56.40234375	0.0	stim_train,10696,-1,497	221	14439	10696.jpg
56.6171875	0.0	stim_train,8344,-1,498	222	14494	08344.jpg
56.8359375	0.0	stim_train,7067,-1,499	223	14550	07067.jpg
57.03515625	0.0	stim_train,1636,-1,500	224	14601	01636.jpg
57.234375	0.0	stim_train,16149,-1,501	225	14652	16149.jpg
57.453125	0.0	stim_train,13086,-1,502	226	14708	13086.jpg
57.66796875	0.0	stim_train,9893,-1,503	227	14763	09893.jpg
57.87109375	0.0	stim_train,7053,-1,504	228	14815	07053.jpg
58.0859375	0.0	stim_train,4614,-1,505	229	14870	04614.jpg
58.2890625	0.0	stim_train,956,-1,506	230	14922	00956.jpg
59.30859375	0.0	behav,3,-1,507	231	15183	n/a
59.671875	0.0	stim_train,938,-1,508	232	15276	00938.jpg
59.88671875	0.0	stim_train,1408,-1,509	233	15331	01408.jpg
60.109375	0.0	stim_train,7841,-1,510	234	15388	07841.jpg
60.30859375	0.0	stim_train,16021,-1,511	235	15439	16021.jpg
60.50390625	0.0	stim_train,3951,-1,512	236	15489	03951.jpg
60.703125	0.0	stim_train,2520,-1,513	237	15540	02520.jpg
60.90625	0.0	stim_train,6356,-1,514	238	15592	06356.jpg
61.10546875	0.0	stim_train,12096,-1,515	239	15643	12096.jpg
61.32421875	0.0	stim_train,3286,-1,516	240	15699	03286.jpg
61.5390625	0.0	stim_train,15560,-1,517	241	15754	15560.jpg
61.7421875	0.0	stim_train,11315,-1,518	242	15806	11315.jpg
61.95703125	0.0	stim_train,5819,-1,519	243	15861	05819.jpg
62.17578125	0.0	stim_train,5758,-1,520	244	15917	05758.jpg
62.390625	0.0	stim_train,15793,-1,521	245	15972	15793.jpg
62.609375	0.0	stim_train,4940,-1,522	246	16028	04940.jpg
62.82421875	0.0	stim_train,3851,-1,523	247	16083	03851.jpg
63.04296875	0.0	stim_train,4011,-1,524	248	16139	04011.jpg
63.2578125	0.0	stim_train,14605,-1,525	249	16194	14605.jpg
63.4609375	0.0	stim_train,2525,-1,526	250	16246	02525.jpg
63.67578125	0.0	stim_train,14714,-1,527	251	16301	14714.jpg
64.63671875	0.0	behav,3,-1,528	252	16547	n/a
64.99609375	0.0	stim_train,8621,-1,529	253	16639	08621.jpg
65.1953125	0.0	stim_train,9591,-1,530	254	16690	09591.jpg
65.41015625	0.0	stim_train,8118,-1,531	255	16745	08118.jpg
65.62890625	0.0	stim_train,9669,-1,532	256	16801	09669.jpg
65.828125	0.0	stim_train,6716,-1,533	257	16852	06716.jpg
66.046875	0.0	stim_train,10893,-1,534	258	16908	10893.jpg
66.26171875	0.0	stim_train,6739,-1,535	259	16963	06739.jpg
66.4609375	0.0	stim_train,1616,-1,536	260	17014	01616.jpg
66.6796875	0.0	stim_train,9788,-1,537	261	17070	09788.jpg
66.89453125	0.0	stim_train,2705,-1,538	262	17125	02705.jpg
67.11328125	0.0	stim_train,13145,-1,539	263	17181	13145.jpg
67.328125	0.0	stim_train,14909,-1,540	264	17236	14909.jpg
67.546875	0.0	stim_train,4108,-1,541	265	17292	04108.jpg
67.76171875	0.0	stim_train,1538,-1,542	266	17347	01538.jpg
67.96484375	0.0	stim_train,2319,-1,543	267	17399	02319.jpg
68.1640625	0.0	stim_train,1688,-1,544	268	17450	01688.jpg
68.36328125	0.0	stim_train,7157,-1,545	269	17501	07157.jpg
68.58203125	0.0	stim_train,1607,-1,546	270	17557	01607.jpg
68.796875	0.0	stim_train,9523,-1,547	271	17612	09523.jpg
69.015625	0.0	stim_train,6309,-1,548	272	17668	06309.jpg
70.01171875	0.0	behav,3,-1,549	273	17923	n/a
70.3828125	0.0	stim_train,16121,-1,550	274	18018	16121.jpg
70.58203125	0.0	stim_train,638,-1,551	275	18069	00638.jpg
70.80078125	0.0	stim_train,3811,-1,552	276	18125	03811.jpg
71.015625	0.0	stim_train,9146,-1,553	277	18180	09146.jpg
71.21484375	0.0	stim_train,6051,-1,554	278	18231	06051.jpg
71.43359375	0.0	stim_train,4847,-1,555	279	18287	04847.jpg
71.6484375	0.0	stim_train,947,-1,556	280	18342	00947.jpg
71.8515625	0.0	stim_train,445,-1,557	281	18394	00445.jpg
72.05078125	0.0	stim_train,8610,-1,558	282	18445	08610.jpg
72.265625	0.0	stim_train,15119,-1,559	283	18500	15119.jpg
72.484375	0.0	stim_train,6918,-1,560	284	18556	06918.jpg
72.703125	0.0	stim_train,14884,-1,561	285	18612	14884.jpg
72.91796875	0.0	stim_train,9968,-1,562	286	18667	09968.jpg
73.13671875	0.0	stim_train,10795,-1,563	287	18723	10795.jpg
73.3515625	0.0	stim_train,7347,-1,564	288	18778	07347.jpg
73.5703125	0.0	stim_train,12386,-1,565	289	18834	12386.jpg
73.76953125	0.0	stim_train,15507,-1,566	290	18885	15507.jpg
73.984375	0.0	stim_train,6461,-1,567	291	18940	06461.jpg
74.1875	0.0	stim_train,816,-1,568	292	18992	00816.jpg
74.38671875	0.0	stim_train,7143,-1,569	293	19043	07143.jpg
75.5234375	0.0	behav,3,-1,570	294	19334	n/a
75.88671875	0.0	stim_train,12707,-1,571	295	19427	12707.jpg
76.10546875	0.0	stim_train,10064,-1,572	296	19483	10064.jpg
76.3203125	0.0	stim_train,1545,-1,573	297	19538	01545.jpg
76.5390625	0.0	stim_train,747,-1,574	298	19594	00747.jpg
76.73828125	0.0	stim_train,9073,-1,575	299	19645	09073.jpg
76.95703125	0.0	stim_train,16158,-1,576	300	19701	16158.jpg
77.15625	0.0	stim_train,13013,-1,577	301	19752	13013.jpg
77.375	0.0	stim_train,6677,-1,578	302	19808	06677.jpg
77.57421875	0.0	stim_train,15569,-1,579	303	19859	15569.jpg
77.7890625	0.0	stim_train,1569,-1,580	304	19914	01569.jpg
78.00390625	0.0	stim_train,6926,-1,581	305	19969	06926.jpg
78.22265625	0.0	stim_train,65,-1,582	306	20025	00065.jpg
78.42578125	0.0	stim_train,16012,-1,583	307	20077	16012.jpg
78.625	0.0	stim_train,1539,-1,584	308	20128	01539.jpg
78.84375	0.0	stim_train,705,-1,585	309	20184	00705.jpg
79.05859375	0.0	stim_train,5426,-1,586	310	20239	05426.jpg
79.27734375	0.0	stim_train,3596,-1,587	311	20295	03596.jpg
79.4921875	0.0	stim_train,9766,-1,588	312	20350	09766.jpg
79.69140625	0.0	stim_train,9618,-1,589	313	20401	09618.jpg
79.91015625	0.0	stim_train,4379,-1,590	314	20457	04379.jpg
80.8828125	0.0	behav,3,-1,591	315	20706	n/a
81.2421875	0.0	stim_train,9317,-1,592	316	20798	09317.jpg
81.4453125	0.0	stim_train,8695,-1,593	317	20850	08695.jpg
81.6640625	0.0	stim_train,11300,-1,594	318	20906	11300.jpg
81.87890625	0.0	stim_train,16464,-1,595	319	20961	16464.jpg
82.078125	0.0	stim_train,9264,-1,596	320	21012	09264.jpg
82.27734375	0.0	stim_train,6884,-1,597	321	21063	06884.jpg
82.49609375	0.0	stim_train,4750,-1,598	322	21119	04750.jpg
82.7109375	0.0	stim_train,3590,-1,599	323	21174	03590.jpg
82.9296875	0.0	stim_train,4210,-1,600	324	21230	04210.jpg
83.1484375	0.0	stim_train,177,-1,601	325	21286	00177.jpg
83.36328125	0.0	stim_train,15868,-1,602	326	21341	15868.jpg
83.58203125	0.0	stim_train,15007,-1,603	327	21397	15007.jpg
83.78125	0.0	stim_train,4510,-1,604	328	21448	04510.jpg
84.0	0.0	stim_train,5015,-1,605	329	21504	05015.jpg
84.21484375	0.0	stim_train,1243,-1,606	330	21559	01243.jpg
84.4296875	0.0	stim_train,6768,-1,607	331	21614	06768.jpg
84.6484375	0.0	stim_train,14308,-1,608	332	21670	14308.jpg
84.84765625	0.0	stim_train,16343,-1,609	333	21721	16343.jpg
85.046875	0.0	stim_train,5633,-1,610	334	21772	05633.jpg
85.265625	0.0	stim_train,16310,-1,611	335	21828	16310.jpg
86.23828125	0.0	behav,3,-1,612	336	22077	n/a
86.6015625	0.0	stim_train,5213,-1,613	337	22170	05213.jpg
86.81640625	0.0	stim_train,561,-1,614	338	22225	00561.jpg
87.01953125	0.0	stim_train,9535,-1,615	339	22277	09535.jpg
87.21875	0.0	stim_train,5659,-1,616	340	22328	05659.jpg
87.4375	0.0	stim_train,8687,-1,617	341	22384	08687.jpg
87.65234375	0.0	stim_train,7844,-1,618	342	22439	07844.jpg
87.8671875	0.0	stim_train,12211,-1,619	343	22494	12211.jpg
88.0703125	0.0	stim_train,3835,-1,620	344	22546	03835.jpg
88.28515625	0.0	stim_train,2790,-1,621	345	22601	02790.jpg
88.50390625	0.0	stim_train,13460,-1,622	346	22657	13460.jpg
88.71875	0.0	stim_train,13126,-1,623	347	22712	13126.jpg
88.9375	0.0	stim_train,1790,-1,624	348	22768	01790.jpg
89.13671875	0.0	stim_train,8709,-1,625	349	22819	08709.jpg
89.35546875	0.0	stim_train,15413,-1,626	350	22875	15413.jpg
89.5546875	0.0	stim_train,3799,-1,627	351	22926	03799.jpg
89.76953125	0.0	stim_train,15231,-1,628	352	22981	15231.jpg
89.97265625	0.0	stim_train,4279,-1,629	353	23033	04279.jpg
90.1875	0.0	stim_train,10503,-1,630	354	23088	10503.jpg
90.38671875	0.0	stim_train,4248,-1,631	355	23139	04248.jpg
90.5859375	0.0	stim_train,8073,-1,632	356	23190	08073.jpg
91.6640625	0.0	behav,3,-1,633	357	23466	n/a
92.0234375	0.0	stim_train,3640,-1,634	358	23558	03640.jpg
92.22265625	0.0	stim_train,10950,-1,635	359	23609	10950.jpg
92.44140625	0.0	stim_train,9923,-1,636	360	23665	09923.jpg
92.65625	0.0	stim_train,5462,-1,637	361	23720	05462.jpg
92.859375	0.0	stim_train,8570,-1,638	362	23772	08570.jpg
93.07421875	0.0	stim_train,13373,-1,639	363	23827	13373.jpg
93.2890625	0.0	stim_train,741,-1,640	364	23882	00741.jpg
93.5078125	0.0	stim_train,10891,-1,641	365	23938	10891.jpg
93.72265625	0.0	stim_train,14271,-1,642	366	23993	14271.jpg
93.9375	0.0	stim_train,8316,-1,643	367	24048	08316.jpg
94.15625	0.0	stim_train,14834,-1,644	368	24104	14834.jpg
94.375	0.0	stim_train,3419,-1,645	369	24160	03419.jpg
94.59375	0.0	stim_train,672,-1,646	370	24216	00672.jpg
94.79296875	0.0	stim_train,1192,-1,647	371	24267	01192.jpg
94.9921875	0.0	stim_train,5795,-1,648	372	24318	05795.jpg
95.2109375	0.0	stim_train,6411,-1,649	373	24374	06411.jpg
95.41015625	0.0	stim_train,4002,-1,650	374	24425	04002.jpg
95.609375	0.0	stim_train,15714,-1,651	375	24476	15714.jpg
95.828125	0.0	stim_train,10891,-1,652	376	24532	10891.jpg
96.04296875	0.0	stim_train,447,-1,653	377	24587	00447.jpg
97.05859375	0.0	behav,3,-1,654	378	24847	n/a
97.4296875	0.0	stim_train,9968,-1,655	379	24942	09968.jpg
97.62890625	0.0	stim_train,3753,-1,656	380	24993	03753.jpg
97.828125	0.0	stim_train,16538,-1,657	381	25044	16538.jpg
98.046875	0.0	stim_train,10965,-1,658	382	25100	10965.jpg
98.24609375	0.0	stim_train,2381,-1,659	383	25151	02381.jpg
98.4453125	0.0	stim_train,6554,-1,660	384	25202	06554.jpg
98.6484375	0.0	stim_train,7502,-1,661	385	25254	07502.jpg
98.84765625	0.0	stim_train,11231,-1,662	386	25305	11231.jpg
99.0625	0.0	stim_train,11980,-1,663	387	25360	11980.jpg
99.28125	0.0	stim_train,14661,-1,664	388	25416	14661.jpg
99.49609375	0.0	stim_train,11770,-1,665	389	25471	11770.jpg
99.6953125	0.0	stim_train,5945,-1,666	390	25522	05945.jpg
99.8984375	0.0	stim_train,5354,-1,667	391	25574	05354.jpg
100.09765625	0.0	stim_train,923,-1,668	392	25625	00923.jpg
100.296875	0.0	stim_train,11289,-1,669	393	25676	11289.jpg
100.5	0.0	stim_train,7311,-1,670	394	25728	07311.jpg
100.69921875	0.0	stim_train,8124,-1,671	395	25779	08124.jpg
100.9140625	0.0	stim_train,9783,-1,672	396	25834	09783.jpg
101.1328125	0.0	stim_train,14995,-1,673	397	25890	14995.jpg
101.34765625	0.0	stim_train,3077,-1,674	398	25945	03077.jpg
102.32421875	0.0	behav,3,-1,675	399	26195	n/a
102.6796875	0.0	stim_train,9622,-1,676	400	26286	09622.jpg
102.87890625	0.0	stim_train,4513,-1,677	401	26337	04513.jpg
103.08203125	0.0	stim_train,4368,-1,678	402	26389	04368.jpg
103.296875	0.0	stim_train,9783,-1,679	403	26444	09783.jpg
103.49609375	0.0	stim_train,5640,-1,680	404	26495	05640.jpg
103.71875	0.0	stim_train,12299,-1,681	405	26552	12299.jpg
103.93359375	0.0	stim_train,9312,-1,682	406	26607	09312.jpg
104.1484375	0.0	stim_train,8658,-1,683	407	26662	08658.jpg
104.34765625	0.0	stim_train,9382,-1,684	408	26713	09382.jpg
104.55078125	0.0	stim_train,14164,-1,685	409	26765	14164.jpg
104.765625	0.0	stim_train,8034,-1,686	410	26820	08034.jpg
104.984375	0.0	stim_train,15685,-1,687	411	26876	15685.jpg
105.19921875	0.0	stim_train,5811,-1,688	412	26931	05811.jpg
105.3984375	0.0	stim_train,5655,-1,689	413	26982	05655.jpg
105.6015625	0.0	stim_train,12032,-1,690	414	27034	12032.jpg
105.81640625	0.0	stim_train,16192,-1,691	415	27089	16192.jpg
106.03125	0.0	stim_train,14635,-1,692	416	27144	14635.jpg
106.25390625	0.0	stim_train,7521,-1,693	417	27201	07521.jpg
106.47265625	0.0	stim_train,1624,-1,694	418	27257	01624.jpg
106.671875	0.0	stim_train,13449,-1,695	419	27308	13449.jpg
107.66015625	0.0	behav,3,-1,696	420	27561	n/a
108.0078125	0.0	stim_train,12524,-1,697	421	27650	12524.jpg
108.22265625	0.0	stim_train,9152,-1,698	422	27705	09152.jpg
108.4375	0.0	stim_train,3038,-1,699	423	27760	03038.jpg
108.65625	0.0	stim_train,66,-1,700	424	27816	00066.jpg
108.87109375	0.0	stim_train,16285,-1,701	425	27871	16285.jpg
109.08984375	0.0	stim_train,2824,-1,702	426	27927	02824.jpg
109.30859375	0.0	stim_train,14767,-1,703	427	27983	14767.jpg
109.5234375	0.0	stim_train,3862,-1,704	428	28038	03862.jpg
109.72265625	0.0	stim_train,12640,-1,705	429	28089	12640.jpg
109.94140625	0.0	stim_train,7318,-1,706	430	28145	07318.jpg
110.140625	0.0	stim_train,1939,-1,707	431	28196	01939.jpg
110.359375	0.0	stim_train,2223,-1,708	432	28252	02223.jpg
110.55859375	0.0	stim_train,5019,-1,709	433	28303	05019.jpg
110.7578125	0.0	stim_train,4170,-1,710	434	28354	04170.jpg
110.9765625	0.0	stim_train,14878,-1,711	435	28410	14878.jpg
111.17578125	0.0	stim_train,7564,-1,712	436	28461	07564.jpg
111.390625	0.0	stim_train,1898,-1,713	437	28516	01898.jpg
111.609375	0.0	stim_train,3385,-1,714	438	28572	03385.jpg
111.828125	0.0	stim_train,3276,-1,715	439	28628	03276.jpg
112.02734375	0.0	stim_train,4390,-1,716	440	28679	04390.jpg
113.21484375	0.0	behav,3,-1,717	441	28983	n/a
113.57421875	0.0	stim_train,2576,-1,718	442	29075	02576.jpg
113.77734375	0.0	stim_train,4321,-1,719	443	29127	04321.jpg
113.9765625	0.0	stim_train,2264,-1,720	444	29178	02264.jpg
114.19140625	0.0	stim_train,13019,-1,721	445	29233	13019.jpg
114.39453125	0.0	stim_train,15339,-1,722	446	29285	15339.jpg
114.59375	0.0	stim_train,3919,-1,723	447	29336	03919.jpg
114.80859375	0.0	stim_train,13668,-1,724	448	29391	13668.jpg
115.01171875	0.0	stim_train,16078,-1,725	449	29443	16078.jpg
115.2109375	0.0	stim_train,5543,-1,726	450	29494	05543.jpg
115.42578125	0.0	stim_train,9765,-1,727	451	29549	09765.jpg
115.65625	0.0	stim_train,3405,-1,728	452	29608	03405.jpg
115.86328125	0.0	stim_train,13793,-1,729	453	29661	13793.jpg
116.0625	0.0	stim_train,732,-1,730	454	29712	00732.jpg
116.27734375	0.0	stim_train,6964,-1,731	455	29767	06964.jpg
116.49609375	0.0	stim_train,2543,-1,732	456	29823	02543.jpg
116.7109375	0.0	stim_train,3947,-1,733	457	29878	03947.jpg
116.9140625	0.0	stim_train,7192,-1,734	458	29930	07192.jpg
117.11328125	0.0	stim_train,5896,-1,735	459	29981	05896.jpg
117.328125	0.0	stim_train,8311,-1,736	460	30036	08311.jpg
117.546875	0.0	stim_train,2385,-1,737	461	30092	02385.jpg
118.5	0.0	behav,3,-1,738	462	30336	n/a
118.86328125	0.0	stim_train,4885,-1,739	463	30429	04885.jpg
119.06640625	0.0	stim_train,16342,-1,740	464	30481	16342.jpg
119.265625	0.0	stim_train,13487,-1,741	465	30532	13487.jpg
119.48046875	0.0	stim_train,13495,-1,742	466	30587	13495.jpg
119.69921875	0.0	stim_train,1029,-1,743	467	30643	01029.jpg
119.9140625	0.0	stim_train,14113,-1,744	468	30698	14113.jpg
120.1171875	0.0	stim_train,6381,-1,745	469	30750	06381.jpg
120.31640625	0.0	stim_train,16376,-1,746	470	30801	16376.jpg
120.515625	0.0	stim_train,9319,-1,747	471	30852	09319.jpg
120.71484375	0.0	stim_train,1624,-1,748	472	30903	01624.jpg
120.93359375	0.0	stim_train,7009,-1,749	473	30959	07009.jpg
121.15234375	0.0	stim_train,12459,-1,750	474	31015	12459.jpg
121.3671875	0.0	stim_train,5218,-1,751	475	31070	05218.jpg
121.58203125	0.0	stim_train,15058,-1,752	476	31125	15058.jpg
121.78515625	0.0	stim_train,1304,-1,753	477	31177	01304.jpg
122.0	0.0	stim_train,2622,-1,754	478	31232	02622.jpg
122.203125	0.0	stim_train,7067,-1,755	479	31284	07067.jpg
122.40234375	0.0	stim_train,1610,-1,756	480	31335	01610.jpg
122.6171875	0.0	stim_train,2883,-1,757	481	31390	02883.jpg
122.81640625	0.0	stim_train,9846,-1,758	482	31441	09846.jpg
123.83203125	0.0	behav,3,-1,759	483	31701	n/a
124.203125	0.0	stim_train,4711,-1,760	484	31796	04711.jpg
124.40234375	0.0	stim_train,1574,-1,761	485	31847	01574.jpg
124.62109375	0.0	stim_train,3643,-1,762	486	31903	03643.jpg
124.8203125	0.0	stim_train,7523,-1,763	487	31954	07523.jpg
125.01953125	0.0	stim_train,15484,-1,764	488	32005	15484.jpg
125.23828125	0.0	stim_train,10953,-1,765	489	32061	10953.jpg
125.453125	0.0	stim_train,3874,-1,766	490	32116	03874.jpg
125.671875	0.0	stim_train,12232,-1,767	491	32172	12232.jpg
125.87109375	0.0	stim_train,6078,-1,768	492	32223	06078.jpg
126.08984375	0.0	stim_train,5081,-1,769	493	32279	05081.jpg
126.3046875	0.0	stim_train,8801,-1,770	494	32334	08801.jpg
126.5234375	0.0	stim_train,6649,-1,771	495	32390	06649.jpg
126.72265625	0.0	stim_train,14167,-1,772	496	32441	14167.jpg
126.921875	0.0	stim_train,5323,-1,773	497	32492	05323.jpg
127.140625	0.0	stim_train,12199,-1,774	498	32548	12199.jpg
127.33984375	0.0	stim_train,13347,-1,775	499	32599	13347.jpg
127.5390625	0.0	stim_train,15551,-1,776	500	32650	15551.jpg
127.73828125	0.0	stim_train,7233,-1,777	501	32701	07233.jpg
127.95703125	0.0	stim_train,11033,-1,778	502	32757	11033.jpg
128.15625	0.0	stim_train,3022,-1,779	503	32808	03022.jpg
129.234375	0.0	behav,3,-1,780	504	33084	n/a
129.59375	0.0	stim_train,15148,-1,781	505	33176	15148.jpg
129.80859375	0.0	stim_train,1024,-1,782	506	33231	01024.jpg
130.02734375	0.0	stim_train,11162,-1,783	507	33287	11162.jpg
130.2265625	0.0	stim_train,11987,-1,784	508	33338	11987.jpg
130.42578125	0.0	stim_train,15491,-1,785	509	33389	15491.jpg
130.625	0.0	stim_train,5892,-1,786	510	33440	05892.jpg
130.84375	0.0	stim_train,13488,-1,787	511	33496	13488.jpg
131.04296875	0.0	stim_train,11301,-1,788	512	33547	11301.jpg
131.26171875	0.0	stim_train,11891,-1,789	513	33603	11891.jpg
131.4765625	0.0	stim_train,14294,-1,790	514	33658	14294.jpg
131.6796875	0.0	stim_train,4615,-1,791	515	33710	04615.jpg
131.89453125	0.0	stim_train,9412,-1,792	516	33765	09412.jpg
132.09765625	0.0	stim_train,831,-1,793	517	33817	00831.jpg
132.3125	0.0	stim_train,12527,-1,794	518	33872	12527.jpg
132.52734375	0.0	stim_train,1162,-1,795	519	33927	01162.jpg
132.74609375	0.0	stim_train,13179,-1,796	520	33983	13179.jpg
132.96484375	0.0	stim_train,15883,-1,797	521	34039	15883.jpg
133.1796875	0.0	stim_train,1490,-1,798	522	34094	01490.jpg
133.3828125	0.0	stim_train,5533,-1,799	523	34146	05533.jpg
133.578125	0.0	stim_train,11756,-1,800	524	34196	11756.jpg
134.546875	0.0	behav,3,-1,801	525	34444	n/a
134.8828125	0.0	stim_train,13922,-1,802	526	34530	13922.jpg
135.09765625	0.0	stim_train,5370,-1,803	527	34585	05370.jpg
135.31640625	0.0	stim_train,5812,-1,804	528	34641	05812.jpg
135.515625	0.0	stim_train,949,-1,805	529	34692	00949.jpg
135.71484375	0.0	stim_train,11656,-1,806	530	34743	11656.jpg
135.9140625	0.0	stim_train,15710,-1,807	531	34794	15710.jpg
136.1328125	0.0	stim_train,6032,-1,808	532	34850	06032.jpg
136.3515625	0.0	stim_train,5357,-1,809	533	34906	05357.jpg
136.55078125	0.0	stim_train,13374,-1,810	534	34957	13374.jpg
136.76953125	0.0	stim_train,1764,-1,811	535	35013	01764.jpg
136.96875	0.0	stim_train,15238,-1,812	536	35064	15238.jpg
137.18359375	0.0	stim_train,1629,-1,813	537	35119	01629.jpg
137.3828125	0.0	stim_train,13609,-1,814	538	35170	13609.jpg
137.6015625	0.0	stim_train,13692,-1,815	539	35226	13692.jpg
137.81640625	0.0	stim_train,13411,-1,816	540	35281	13411.jpg
138.03515625	0.0	stim_train,16164,-1,817	541	35337	16164.jpg
138.25390625	0.0	stim_train,14076,-1,818	542	35393	14076.jpg
138.46875	0.0	stim_train,15163,-1,819	543	35448	15163.jpg
138.66796875	0.0	stim_train,5351,-1,820	544	35499	05351.jpg
138.88671875	0.0	stim_train,7625,-1,821	545	35555	07625.jpg
139.8515625	0.0	behav,3,-1,822	546	35802	n/a
140.21875	0.0	stim_train,1375,-1,823	547	35896	01375.jpg
140.4375	0.0	stim_train,7068,-1,824	548	35952	07068.jpg
140.63671875	0.0	stim_train,9260,-1,825	549	36003	09260.jpg
140.8359375	0.0	stim_train,60,-1,826	550	36054	00060.jpg
141.0546875	0.0	stim_train,4489,-1,827	551	36110	04489.jpg
141.26953125	0.0	stim_train,5962,-1,828	552	36165	05962.jpg
141.48828125	0.0	stim_train,9761,-1,829	553	36221	09761.jpg
141.70703125	0.0	stim_train,9310,-1,830	554	36277	09310.jpg
141.921875	0.0	stim_train,6917,-1,831	555	36332	06917.jpg
142.13671875	0.0	stim_train,13881,-1,832	556	36387	13881.jpg
142.35546875	0.0	stim_train,3278,-1,833	557	36443	03278.jpg
142.5703125	0.0	stim_train,13410,-1,834	558	36498	13410.jpg
142.7890625	0.0	stim_train,10696,-1,835	559	36554	10696.jpg
142.98828125	0.0	stim_train,11948,-1,836	560	36605	11948.jpg
143.1875	0.0	stim_train,11251,-1,837	561	36656	11251.jpg
143.390625	0.0	stim_train,13315,-1,838	562	36708	13315.jpg
143.60546875	0.0	stim_train,3417,-1,839	563	36763	03417.jpg
143.82421875	0.0	stim_train,12239,-1,840	564	36819	12239.jpg
144.0390625	0.0	stim_train,16020,-1,841	565	36874	16020.jpg
144.2578125	0.0	stim_train,13798,-1,842	566	36930	13798.jpg
145.28125	0.0	behav,3,-1,843	567	37192	n/a
145.640625	0.0	stim_train,11383,-1,844	568	37284	11383.jpg
145.859375	0.0	stim_train,3593,-1,845	569	37340	03593.jpg
146.07421875	0.0	stim_train,934,-1,846	570	37395	00934.jpg
146.29296875	0.0	stim_train,3318,-1,847	571	37451	03318.jpg
146.4921875	0.0	stim_train,6859,-1,848	572	37502	06859.jpg
146.70703125	0.0	stim_train,12296,-1,849	573	37557	12296.jpg
146.92578125	0.0	stim_train,11458,-1,850	574	37613	11458.jpg
147.125	0.0	stim_train,6883,-1,851	575	37664	06883.jpg
147.32421875	0.0	stim_train,11995,-1,852	576	37715	11995.jpg
147.54296875	0.0	stim_train,9503,-1,853	577	37771	09503.jpg
147.7578125	0.0	stim_train,9593,-1,854	578	37826	09593.jpg
147.9765625	0.0	stim_train,12370,-1,855	579	37882	12370.jpg
148.17578125	0.0	stim_train,9187,-1,856	580	37933	09187.jpg
148.37890625	0.0	stim_train,5461,-1,857	581	37985	05461.jpg
148.59375	0.0	stim_train,15713,-1,858	582	38040	15713.jpg
148.8125	0.0	stim_train,12617,-1,859	583	38096	12617.jpg
149.02734375	0.0	stim_train,10402,-1,860	584	38151	10402.jpg
149.24609375	0.0	stim_train,1529,-1,861	585	38207	01529.jpg
149.4453125	0.0	stim_train,12807,-1,862	586	38258	12807.jpg
149.66015625	0.0	stim_train,12068,-1,863	587	38313	12068.jpg
150.72265625	0.0	behav,3,-1,864	588	38585	n/a
151.0625	0.0	stim_train,12943,-1,865	589	38672	12943.jpg
151.27734375	0.0	stim_train,10401,-1,866	590	38727	10401.jpg
151.48046875	0.0	stim_train,11033,-1,867	591	38779	11033.jpg
151.6953125	0.0	stim_train,6304,-1,868	592	38834	06304.jpg
151.9140625	0.0	stim_train,2381,-1,869	593	38890	02381.jpg
152.11328125	0.0	stim_train,15603,-1,870	594	38941	15603.jpg
152.31640625	0.0	stim_train,8830,-1,871	595	38993	08830.jpg
152.53125	0.0	stim_train,9519,-1,872	596	39048	09519.jpg
152.75	0.0	stim_train,14361,-1,873	597	39104	14361.jpg
152.94921875	0.0	stim_train,2391,-1,874	598	39155	02391.jpg
153.16796875	0.0	stim_train,11104,-1,875	599	39211	11104.jpg
153.3828125	0.0	stim_train,11974,-1,876	600	39266	11974.jpg
153.6015625	0.0	stim_train,9537,-1,877	601	39322	09537.jpg
153.81640625	0.0	stim_train,15344,-1,878	602	39377	15344.jpg
154.03125	0.0	stim_train,11784,-1,879	603	39432	11784.jpg
154.23046875	0.0	stim_train,10259,-1,880	604	39483	10259.jpg
154.43359375	0.0	stim_train,4483,-1,881	605	39535	04483.jpg
154.6328125	0.0	stim_train,9689,-1,882	606	39586	09689.jpg
154.8515625	0.0	stim_train,5476,-1,883	607	39642	05476.jpg
155.05078125	0.0	stim_train,11400,-1,884	608	39693	11400.jpg
156.05859375	0.0	behav,3,-1,885	609	39951	n/a
156.41796875	0.0	stim_train,14768,-1,886	610	40043	14768.jpg
156.63671875	0.0	stim_train,2224,-1,887	611	40099	02224.jpg
156.85546875	0.0	stim_train,3603,-1,888	612	40155	03603.jpg
157.0703125	0.0	stim_train,11826,-1,889	613	40210	11826.jpg
157.2890625	0.0	stim_train,6919,-1,890	614	40266	06919.jpg
157.50390625	0.0	stim_train,15084,-1,891	615	40321	15084.jpg
157.72265625	0.0	stim_train,13054,-1,892	616	40377	13054.jpg
157.921875	0.0	stim_train,11283,-1,893	617	40428	11283.jpg
158.1171875	0.0	stim_train,13172,-1,894	618	40478	13172.jpg
158.3203125	0.0	stim_train,13452,-1,895	619	40530	13452.jpg
158.53515625	0.0	stim_train,5775,-1,896	620	40585	05775.jpg
158.75390625	0.0	stim_train,2924,-1,897	621	40641	02924.jpg
158.953125	0.0	stim_train,2011,-1,898	622	40692	02011.jpg
159.171875	0.0	stim_train,7207,-1,899	623	40748	07207.jpg
159.38671875	0.0	stim_train,10245,-1,900	624	40803	10245.jpg
159.5859375	0.0	stim_train,5797,-1,901	625	40854	05797.jpg
159.7890625	0.0	stim_train,8862,-1,902	626	40906	08862.jpg
159.98828125	0.0	stim_train,5470,-1,903	627	40957	05470.jpg
160.20703125	0.0	stim_train,7199,-1,904	628	41013	07199.jpg
160.40625	0.0	stim_train,6598,-1,905	629	41064	06598.jpg
161.43359375	0.0	behav,3,-1,906	630	41327	n/a
161.8125	0.0	stim_train,13342,-1,907	631	41424	13342.jpg
162.0234375	0.0	stim_train,16532,-1,908	632	41478	16532.jpg
162.2421875	0.0	stim_train,9097,-1,909	633	41534	09097.jpg
162.45703125	0.0	stim_train,11750,-1,910	634	41589	11750.jpg
162.671875	0.0	stim_train,4062,-1,911	635	41644	04062.jpg
162.890625	0.0	stim_train,7945,-1,912	636	41700	07945.jpg
163.10546875	0.0	stim_train,11156,-1,913	637	41755	11156.jpg
163.30859375	0.0	stim_train,9743,-1,914	638	41807	09743.jpg
163.5234375	0.0	stim_train,15505,-1,915	639	41862	15505.jpg
163.74609375	0.0	stim_train,16166,-1,916	640	41919	16166.jpg
163.94140625	0.0	stim_train,7106,-1,917	641	41969	07106.jpg
164.140625	0.0	stim_train,14293,-1,918	642	42020	14293.jpg
164.33984375	0.0	stim_train,9393,-1,919	643	42071	09393.jpg
164.5625	0.0	stim_train,10763,-1,920	644	42128	10763.jpg
164.78125	0.0	stim_train,9596,-1,921	645	42184	09596.jpg
164.9921875	0.0	stim_train,11680,-1,922	646	42238	11680.jpg
165.2109375	0.0	stim_train,1198,-1,923	647	42294	01198.jpg
165.41015625	0.0	stim_train,5577,-1,924	648	42345	05577.jpg
165.609375	0.0	stim_train,16167,-1,925	649	42396	16167.jpg
165.828125	0.0	stim_train,14071,-1,926	650	42452	14071.jpg
167.015625	0.0	behav,3,-1,927	651	42756	n/a
167.36328125	0.0	stim_train,1620,-1,928	652	42845	01620.jpg
167.5625	0.0	stim_train,8934,-1,929	653	42896	08934.jpg
167.76171875	0.0	stim_train,15713,-1,930	654	42947	15713.jpg
167.9609375	0.0	stim_train,14887,-1,931	655	42998	14887.jpg
168.1640625	0.0	stim_train,3923,-1,932	656	43050	03923.jpg
168.36328125	0.0	stim_train,13698,-1,933	657	43101	13698.jpg
168.58203125	0.0	stim_train,11000,-1,934	658	43157	11000.jpg
168.78125	0.0	stim_train,10411,-1,935	659	43208	10411.jpg
169.0	0.0	stim_train,8804,-1,936	660	43264	08804.jpg
169.19921875	0.0	stim_train,4668,-1,937	661	43315	04668.jpg
169.4140625	0.0	stim_train,6857,-1,938	662	43370	06857.jpg
169.6328125	0.0	stim_train,6166,-1,939	663	43426	06166.jpg
169.83203125	0.0	stim_train,14276,-1,940	664	43477	14276.jpg
170.046875	0.0	stim_train,489,-1,941	665	43532	00489.jpg
170.265625	0.0	stim_train,7748,-1,942	666	43588	07748.jpg
170.46484375	0.0	stim_train,10304,-1,943	667	43639	10304.jpg
170.6640625	0.0	stim_train,1579,-1,944	668	43690	01579.jpg
170.8828125	0.0	stim_train,14173,-1,945	669	43746	14173.jpg
171.08203125	0.0	stim_train,1691,-1,946	670	43797	01691.jpg
171.30078125	0.0	stim_train,2875,-1,947	671	43853	02875.jpg
172.34765625	0.0	behav,3,-1,948	672	44121	n/a
172.69921875	0.0	stim_train,14116,-1,949	673	44211	14116.jpg
172.90234375	0.0	stim_train,965,-1,950	674	44263	00965.jpg
173.1015625	0.0	stim_train,8592,-1,951	675	44314	08592.jpg
173.31640625	0.0	stim_train,14387,-1,952	676	44369	14387.jpg
173.515625	0.0	stim_train,2633,-1,953	677	44420	02633.jpg
173.734375	0.0	stim_train,16466,-1,954	678	44476	16466.jpg
173.953125	0.0	stim_train,12463,-1,955	679	44532	12463.jpg
174.16796875	0.0	stim_train,9892,-1,956	680	44587	09892.jpg
174.38671875	0.0	stim_train,758,-1,957	681	44643	00758.jpg
174.5859375	0.0	stim_train,9781,-1,958	682	44694	09781.jpg
174.8046875	0.0	stim_train,6003,-1,959	683	44750	06003.jpg
175.01953125	0.0	stim_train,1300,-1,960	684	44805	01300.jpg
175.23828125	0.0	stim_train,10479,-1,961	685	44861	10479.jpg
175.453125	0.0	stim_train,11121,-1,962	686	44916	11121.jpg
175.671875	0.0	stim_train,2356,-1,963	687	44972	02356.jpg
175.890625	0.0	stim_train,8433,-1,964	688	45028	08433.jpg
176.08984375	0.0	stim_train,12610,-1,965	689	45079	12610.jpg
176.3046875	0.0	stim_train,16008,-1,966	690	45134	16008.jpg
176.50390625	0.0	stim_train,12817,-1,967	691	45185	12817.jpg
176.703125	0.0	stim_train,11690,-1,968	692	45236	11690.jpg
177.65625	0.0	behav,3,-1,969	693	45480	n/a
178.0234375	0.0	stim_train,6460,-1,970	694	45574	06460.jpg
178.2421875	0.0	stim_train,5852,-1,971	695	45630	05852.jpg
178.44140625	0.0	stim_train,15767,-1,972	696	45681	15767.jpg
178.640625	0.0	stim_train,4734,-1,973	697	45732	04734.jpg
178.859375	0.0	stim_train,9147,-1,974	698	45788	09147.jpg
179.07421875	0.0	stim_train,12524,-1,975	699	45843	12524.jpg
179.29296875	0.0	stim_train,15619,-1,976	700	45899	15619.jpg
179.4921875	0.0	stim_train,5898,-1,977	701	45950	05898.jpg
179.70703125	0.0	stim_train,14686,-1,978	702	46005	14686.jpg
179.92578125	0.0	stim_train,9712,-1,979	703	46061	09712.jpg
180.125	0.0	stim_train,3098,-1,980	704	46112	03098.jpg
180.34375	0.0	stim_train,8072,-1,981	705	46168	08072.jpg
180.54296875	0.0	stim_train,3861,-1,982	706	46219	03861.jpg
180.7578125	0.0	stim_train,6944,-1,983	707	46274	06944.jpg
180.9609375	0.0	stim_train,4983,-1,984	708	46326	04983.jpg
181.17578125	0.0	stim_train,12867,-1,985	709	46381	12867.jpg
181.375	0.0	stim_train,10335,-1,986	710	46432	10335.jpg
181.57421875	0.0	stim_train,7425,-1,987	711	46483	07425.jpg
181.77734375	0.0	stim_train,10339,-1,988	712	46535	10339.jpg
181.99609375	0.0	stim_train,10519,-1,989	713	46591	10519.jpg
183.01171875	0.0	behav,3,-1,990	714	46851	n/a
183.36328125	0.0	stim_train,8052,-1,991	715	46941	08052.jpg
183.5625	0.0	stim_train,11057,-1,992	716	46992	11057.jpg
183.78125	0.0	stim_train,9387,-1,993	717	47048	09387.jpg
183.99609375	0.0	stim_train,8706,-1,994	718	47103	08706.jpg
184.21484375	0.0	stim_train,3192,-1,995	719	47159	03192.jpg
184.4296875	0.0	stim_train,11617,-1,996	720	47214	11617.jpg
184.6484375	0.0	stim_train,16323,-1,997	721	47270	16323.jpg
184.86328125	0.0	stim_train,828,-1,998	722	47325	00828.jpg
185.06640625	0.0	stim_train,9332,-1,999	723	47377	09332.jpg
185.28125	0.0	stim_train,4731,-1,1000	724	47432	04731.jpg
185.49609375	0.0	stim_train,16108,-1,1001	725	47487	16108.jpg
185.71484375	0.0	stim_train,2358,-1,1002	726	47543	02358.jpg
185.9296875	0.0	stim_train,2859,-1,1003	727	47598	02859.jpg
186.1484375	0.0	stim_train,10969,-1,1004	728	47654	10969.jpg
186.34765625	0.0	stim_train,5215,-1,1005	729	47705	05215.jpg
186.56640625	0.0	stim_train,16073,-1,1006	730	47761	16073.jpg
186.78125	0.0	stim_train,1544,-1,1007	731	47816	01544.jpg
186.98046875	0.0	stim_train,2471,-1,1008	732	47867	02471.jpg
187.19921875	0.0	stim_train,10486,-1,1009	733	47923	10486.jpg
187.3984375	0.0	stim_train,7828,-1,1010	734	47974	07828.jpg
188.41015625	0.0	behav,3,-1,1011	735	48233	n/a
188.765625	0.0	stim_train,11497,-1,1012	736	48324	11497.jpg
188.96484375	0.0	stim_train,15116,-1,1013	737	48375	15116.jpg
189.18359375	0.0	stim_train,3928,-1,1014	738	48431	03928.jpg
189.3984375	0.0	stim_train,11689,-1,1015	739	48486	11689.jpg
189.6171875	0.0	stim_train,11658,-1,1016	740	48542	11658.jpg
189.8359375	0.0	stim_train,7172,-1,1017	741	48598	07172.jpg
190.03515625	0.0	stim_train,2399,-1,1018	742	48649	02399.jpg
190.234375	0.0	stim_train,16040,-1,1019	743	48700	16040.jpg
190.43359375	0.0	stim_train,5751,-1,1020	744	48751	05751.jpg
190.63671875	0.0	stim_train,7801,-1,1021	745	48803	07801.jpg
190.8359375	0.0	stim_train,8073,-1,1022	746	48854	08073.jpg
191.0546875	0.0	stim_train,8057,-1,1023	747	48910	08057.jpg
191.26953125	0.0	stim_train,3858,-1,1024	748	48965	03858.jpg
191.48828125	0.0	stim_train,15766,-1,1025	749	49021	15766.jpg
191.703125	0.0	stim_train,11945,-1,1026	750	49076	11945.jpg
191.921875	0.0	stim_train,16027,-1,1027	751	49132	16027.jpg
192.12109375	0.0	stim_train,14522,-1,1028	752	49183	14522.jpg
192.3203125	0.0	stim_train,16351,-1,1029	753	49234	16351.jpg
192.5390625	0.0	stim_train,13925,-1,1030	754	49290	13925.jpg
192.75390625	0.0	stim_train,11236,-1,1031	755	49345	11236.jpg
193.8359375	0.0	behav,3,-1,1032	756	49622	n/a
194.19140625	0.0	stim_train,1888,-1,1033	757	49713	01888.jpg
194.40625	0.0	stim_train,7838,-1,1034	758	49768	07838.jpg
194.60546875	0.0	stim_train,6633,-1,1035	759	49819	06633.jpg
194.80859375	0.0	stim_train,15343,-1,1036	760	49871	15343.jpg
195.0234375	0.0	stim_train,3910,-1,1037	761	49926	03910.jpg
195.2421875	0.0	stim_train,1972,-1,1038	762	49982	01972.jpg
195.44140625	0.0	stim_train,8184,-1,1039	763	50033	08184.jpg
195.640625	0.0	stim_train,1615,-1,1040	764	50084	01615.jpg
195.859375	0.0	stim_train,14076,-1,1041	765	50140	14076.jpg
196.07421875	0.0	stim_train,12162,-1,1042	766	50195	12162.jpg
196.29296875	0.0	stim_train,14178,-1,1043	767	50251	14178.jpg
196.51171875	0.0	stim_train,12318,-1,1044	768	50307	12318.jpg
196.7109375	0.0	stim_train,16528,-1,1045	769	50358	16528.jpg
196.91015625	0.0	stim_train,14197,-1,1046	770	50409	14197.jpg
197.109375	0.0	stim_train,16335,-1,1047	771	50460	16335.jpg
197.3125	0.0	stim_train,11782,-1,1048	772	50512	11782.jpg
197.52734375	0.0	stim_train,12878,-1,1049	773	50567	12878.jpg
197.7265625	0.0	oddball,16741,-1,1050	774	50618	16741.jpg
197.9453125	0.0	stim_train,10410,-1,1051	775	50674	10410.jpg
198.16015625	0.0	stim_train,6029,-1,1052	776	50729	06029.jpg
199.390625	0.0	behav,2,-1,1053	777	51044	n/a
199.74609375	0.0	stim_train,7843,-1,1054	778	51135	07843.jpg
199.9453125	0.0	stim_train,8640,-1,1055	779	51186	08640.jpg
200.16015625	0.0	stim_train,2491,-1,1056	780	51241	02491.jpg
200.37890625	0.0	stim_train,14182,-1,1057	781	51297	14182.jpg
200.578125	0.0	stim_train,13960,-1,1058	782	51348	13960.jpg
200.77734375	0.0	stim_train,13600,-1,1059	783	51399	13600.jpg
200.98046875	0.0	stim_train,8802,-1,1060	784	51451	08802.jpg
201.1953125	0.0	stim_train,7373,-1,1061	785	51506	07373.jpg
201.4140625	0.0	stim_train,2386,-1,1062	786	51562	02386.jpg
201.62890625	0.0	stim_train,10500,-1,1063	787	51617	10500.jpg
201.84765625	0.0	stim_train,14542,-1,1064	788	51673	14542.jpg
202.0625	0.0	stim_train,4332,-1,1065	789	51728	04332.jpg
202.26171875	0.0	stim_train,10220,-1,1066	790	51779	10220.jpg
202.484375	0.0	stim_train,1681,-1,1067	791	51836	01681.jpg
202.68359375	0.0	stim_train,11829,-1,1068	792	51887	11829.jpg
202.87890625	0.0	stim_train,11150,-1,1069	793	51937	11150.jpg
203.08203125	0.0	stim_train,4061,-1,1070	794	51989	04061.jpg
203.30078125	0.0	stim_train,9182,-1,1071	795	52045	09182.jpg
203.515625	0.0	stim_train,1155,-1,1072	796	52100	01155.jpg
203.734375	0.0	stim_train,5287,-1,1073	797	52156	05287.jpg
204.70703125	0.0	behav,3,-1,1074	798	52405	n/a
205.0703125	0.0	stim_train,8781,-1,1075	799	52498	08781.jpg
205.2890625	0.0	stim_train,1363,-1,1076	800	52554	01363.jpg
205.48828125	0.0	stim_train,1633,-1,1077	801	52605	01633.jpg
205.703125	0.0	stim_train,15883,-1,1078	802	52660	15883.jpg
205.91796875	0.0	stim_train,150,-1,1079	803	52715	00150.jpg
206.13671875	0.0	stim_train,10855,-1,1080	804	52771	10855.jpg
206.35546875	0.0	stim_train,3319,-1,1081	805	52827	03319.jpg
206.5703125	0.0	stim_train,744,-1,1082	806	52882	00744.jpg
206.78515625	0.0	stim_train,12614,-1,1083	807	52937	12614.jpg
207.00390625	0.0	stim_train,12781,-1,1084	808	52993	12781.jpg
207.22265625	0.0	stim_train,14552,-1,1085	809	53049	14552.jpg
207.43359375	0.0	stim_train,16521,-1,1086	810	53103	16521.jpg
207.65234375	0.0	stim_train,7505,-1,1087	811	53159	07505.jpg
207.8515625	0.0	stim_train,7975,-1,1088	812	53210	07975.jpg
208.06640625	0.0	stim_train,11684,-1,1089	813	53265	11684.jpg
208.28515625	0.0	stim_train,13804,-1,1090	814	53321	13804.jpg
208.48828125	0.0	stim_train,12985,-1,1091	815	53373	12985.jpg
208.70703125	0.0	stim_train,12061,-1,1092	816	53429	12061.jpg
208.91796875	0.0	stim_train,12288,-1,1093	817	53483	12288.jpg
209.12109375	0.0	stim_train,14605,-1,1094	818	53535	14605.jpg
210.14453125	0.0	behav,3,-1,1095	819	53797	n/a
210.5078125	0.0	stim_train,8088,-1,1096	820	53890	08088.jpg
210.72265625	0.0	stim_train,2701,-1,1097	821	53945	02701.jpg
210.94140625	0.0	stim_train,5088,-1,1098	822	54001	05088.jpg
211.140625	0.0	stim_train,9633,-1,1099	823	54052	09633.jpg
211.35546875	0.0	stim_train,7356,-1,1100	824	54107	07356.jpg
211.55859375	0.0	stim_train,11006,-1,1101	825	54159	11006.jpg
211.7734375	0.0	stim_train,8588,-1,1102	826	54214	08588.jpg
211.9765625	0.0	stim_train,15914,-1,1103	827	54266	15914.jpg
212.19140625	0.0	stim_train,4004,-1,1104	828	54321	04004.jpg
212.390625	0.0	stim_train,11752,-1,1105	829	54372	11752.jpg
212.609375	0.0	stim_train,14443,-1,1106	830	54428	14443.jpg
212.82421875	0.0	stim_train,7349,-1,1107	831	54483	07349.jpg
213.02734375	0.0	stim_train,6251,-1,1108	832	54535	06251.jpg
213.2265625	0.0	stim_train,2567,-1,1109	833	54586	02567.jpg
213.42578125	0.0	stim_train,9818,-1,1110	834	54637	09818.jpg
213.640625	0.0	stim_train,14609,-1,1111	835	54692	14609.jpg
213.859375	0.0	stim_train,5288,-1,1112	836	54748	05288.jpg
214.07421875	0.0	stim_train,5411,-1,1113	837	54803	05411.jpg
214.2734375	0.0	stim_train,10254,-1,1114	838	54854	10254.jpg
214.4921875	0.0	stim_train,3404,-1,1115	839	54910	03404.jpg
215.50390625	0.0	behav,3,-1,1116	840	55169	n/a
215.859375	0.0	stim_train,11449,-1,1117	841	55260	11449.jpg
216.0625	0.0	stim_train,12805,-1,1118	842	55312	12805.jpg
216.26171875	0.0	stim_train,2732,-1,1119	843	55363	02732.jpg
216.4765625	0.0	stim_train,6773,-1,1120	844	55418	06773.jpg
216.6953125	0.0	stim_train,315,-1,1121	845	55474	00315.jpg
216.9140625	0.0	stim_train,1612,-1,1122	846	55530	01612.jpg
217.11328125	0.0	stim_train,15219,-1,1123	847	55581	15219.jpg
217.328125	0.0	stim_train,13377,-1,1124	848	55636	13377.jpg
217.53125	0.0	stim_train,3646,-1,1125	849	55688	03646.jpg
217.73046875	0.0	stim_train,5468,-1,1126	850	55739	05468.jpg
217.9296875	0.0	oddball,16741,-1,1127	851	55790	16741.jpg
218.1484375	0.0	stim_train,6577,-1,1128	852	55846	06577.jpg
218.36328125	0.0	stim_train,960,-1,1129	853	55901	00960.jpg
218.5625	0.0	stim_train,882,-1,1130	854	55952	00882.jpg
218.76171875	0.0	stim_train,8412,-1,1131	855	56003	08412.jpg
218.98046875	0.0	stim_train,6551,-1,1132	856	56059	06551.jpg
219.19921875	0.0	stim_train,4308,-1,1133	857	56115	04308.jpg
219.4140625	0.0	stim_train,4362,-1,1134	858	56170	04362.jpg
219.6171875	0.0	stim_train,16502,-1,1135	859	56222	16502.jpg
219.81640625	0.0	stim_train,7663,-1,1136	860	56273	07663.jpg
220.85546875	0.0	behav,2,-1,1137	861	56539	n/a
221.21875	0.0	stim_train,4109,-1,1138	862	56632	04109.jpg
221.41796875	0.0	stim_train,12453,-1,1139	863	56683	12453.jpg
221.6328125	0.0	stim_train,160,-1,1140	864	56738	00160.jpg
221.8515625	0.0	stim_train,16514,-1,1141	865	56794	16514.jpg
222.05078125	0.0	stim_train,16017,-1,1142	866	56845	16017.jpg
222.25390625	0.0	stim_train,11593,-1,1143	867	56897	11593.jpg
222.46875	0.0	stim_train,2620,-1,1144	868	56952	02620.jpg
222.6875	0.0	stim_train,14487,-1,1145	869	57008	14487.jpg
222.88671875	0.0	stim_train,11582,-1,1146	870	57059	11582.jpg
223.0859375	0.0	stim_train,9392,-1,1147	871	57110	09392.jpg
223.28515625	0.0	stim_train,15668,-1,1148	872	57161	15668.jpg
223.50390625	0.0	stim_train,1409,-1,1149	873	57217	01409.jpg
223.703125	0.0	stim_train,6254,-1,1150	874	57268	06254.jpg
223.921875	0.0	stim_train,1351,-1,1151	875	57324	01351.jpg
224.13671875	0.0	stim_train,14688,-1,1152	876	57379	14688.jpg
224.35546875	0.0	stim_train,11571,-1,1153	877	57435	11571.jpg
224.5546875	0.0	stim_train,3316,-1,1154	878	57486	03316.jpg
224.7734375	0.0	stim_train,10009,-1,1155	879	57542	10009.jpg
224.97265625	0.0	stim_train,4126,-1,1156	880	57593	04126.jpg
225.1875	0.0	stim_train,5773,-1,1157	881	57648	05773.jpg
226.14453125	0.0	behav,3,-1,1158	882	57893	n/a
226.50390625	0.0	stim_train,13058,-1,1159	883	57985	13058.jpg
226.70703125	0.0	stim_train,12456,-1,1160	884	58037	12456.jpg
226.921875	0.0	stim_train,827,-1,1161	885	58092	00827.jpg
227.140625	0.0	stim_train,5676,-1,1162	886	58148	05676.jpg
227.33984375	0.0	stim_train,3196,-1,1163	887	58199	03196.jpg
227.5390625	0.0	stim_train,16165,-1,1164	888	58250	16165.jpg
227.7421875	0.0	stim_train,14194,-1,1165	889	58302	14194.jpg
227.95703125	0.0	stim_train,12988,-1,1166	890	58357	12988.jpg
228.16015625	0.0	stim_train,15740,-1,1167	891	58409	15740.jpg
228.359375	0.0	stim_train,4717,-1,1168	892	58460	04717.jpg
228.55859375	0.0	stim_train,7252,-1,1169	893	58511	07252.jpg
228.77734375	0.0	stim_train,3074,-1,1170	894	58567	03074.jpg
228.9765625	0.0	stim_train,2019,-1,1171	895	58618	02019.jpg
229.17578125	0.0	stim_train,8788,-1,1172	896	58669	08788.jpg
229.390625	0.0	stim_train,1683,-1,1173	897	58724	01683.jpg
229.609375	0.0	stim_train,14839,-1,1174	898	58780	14839.jpg
229.82421875	0.0	stim_train,7123,-1,1175	899	58835	07123.jpg
230.04296875	0.0	stim_train,15862,-1,1176	900	58891	15862.jpg
230.2578125	0.0	stim_train,5899,-1,101	901	58946	05899.jpg
230.47265625	0.0	stim_train,6738,-1,102	902	59001	06738.jpg
231.54296875	0.0	behav,3,-1,103	903	59275	n/a
231.890625	0.0	stim_train,10745,-1,104	904	59364	10745.jpg
232.09375	0.0	stim_train,2709,-1,105	905	59416	02709.jpg
232.29296875	0.0	stim_train,13658,-1,106	906	59467	13658.jpg
232.49609375	0.0	stim_train,7102,-1,107	907	59519	07102.jpg
232.6953125	0.0	stim_train,6439,-1,108	908	59570	06439.jpg
232.89453125	0.0	stim_train,8079,-1,109	909	59621	08079.jpg
233.09375	0.0	stim_train,15982,-1,110	910	59672	15982.jpg
233.3125	0.0	stim_train,11405,-1,111	911	59728	11405.jpg
233.52734375	0.0	stim_train,5223,-1,112	912	59783	05223.jpg
233.7265625	0.0	stim_train,16153,-1,113	913	59834	16153.jpg
233.9453125	0.0	stim_train,672,-1,114	914	59890	00672.jpg
234.1640625	0.0	stim_train,11450,-1,115	915	59946	11450.jpg
234.36328125	0.0	stim_train,15379,-1,116	916	59997	15379.jpg
234.578125	0.0	stim_train,11612,-1,117	917	60052	11612.jpg
234.80078125	0.0	stim_train,14440,-1,118	918	60109	14440.jpg
235.015625	0.0	stim_train,11455,-1,119	919	60164	11455.jpg
235.234375	0.0	stim_train,11551,-1,120	920	60220	11551.jpg
235.44921875	0.0	stim_train,1410,-1,121	921	60275	01410.jpg
235.65234375	0.0	stim_train,14917,-1,122	922	60327	14917.jpg
235.8671875	0.0	stim_train,1240,-1,123	923	60382	01240.jpg
236.96875	0.0	behav,3,-1,124	924	60664	n/a
237.3359375	0.0	stim_train,3975,-1,125	925	60758	03975.jpg
237.546875	0.0	stim_train,12478,-1,126	926	60812	12478.jpg
237.75	0.0	stim_train,5776,-1,127	927	60864	05776.jpg
237.96484375	0.0	stim_train,9643,-1,128	928	60919	09643.jpg
238.18359375	0.0	oddball,16740,-1,129	929	60975	16740.jpg
238.3984375	0.0	stim_train,11595,-1,130	930	61030	11595.jpg
238.6015625	0.0	stim_train,14222,-1,131	931	61082	14222.jpg
238.81640625	0.0	stim_train,4323,-1,132	932	61137	04323.jpg
239.015625	0.0	stim_train,5513,-1,133	933	61188	05513.jpg
239.234375	0.0	stim_train,8949,-1,134	934	61244	08949.jpg
239.453125	0.0	stim_train,2975,-1,135	935	61300	02975.jpg
239.66796875	0.0	stim_train,897,-1,136	936	61355	00897.jpg
239.8671875	0.0	stim_train,1524,-1,137	937	61406	01524.jpg
240.0859375	0.0	stim_train,7175,-1,138	938	61462	07175.jpg
240.30078125	0.0	stim_train,6880,-1,139	939	61517	06880.jpg
240.51953125	0.0	stim_train,9002,-1,140	940	61573	09002.jpg
240.734375	0.0	stim_train,11820,-1,141	941	61628	11820.jpg
240.953125	0.0	stim_train,5084,-1,142	942	61684	05084.jpg
241.16796875	0.0	stim_train,7353,-1,143	943	61739	07353.jpg
241.37109375	0.0	stim_train,31,-1,144	944	61791	00031.jpg
242.34765625	0.0	behav,2,-1,145	945	62041	n/a
242.703125	0.0	stim_train,4297,-1,146	946	62132	04297.jpg
242.921875	0.0	stim_train,13188,-1,147	947	62188	13188.jpg
243.140625	0.0	stim_train,10597,-1,148	948	62244	10597.jpg
243.33984375	0.0	stim_train,9930,-1,149	949	62295	09930.jpg
243.5390625	0.0	stim_train,16197,-1,150	950	62346	16197.jpg
243.73828125	0.0	stim_train,16073,-1,151	951	62397	16073.jpg
243.9375	0.0	stim_train,453,-1,152	952	62448	00453.jpg
244.15625	0.0	stim_train,6538,-1,153	953	62504	06538.jpg
244.375	0.0	stim_train,2881,-1,154	954	62560	02881.jpg
244.58984375	0.0	stim_train,4091,-1,155	955	62615	04091.jpg
244.80859375	0.0	stim_train,8596,-1,156	956	62671	08596.jpg
245.0078125	0.0	stim_train,8803,-1,157	957	62722	08803.jpg
245.20703125	0.0	stim_train,9256,-1,158	958	62773	09256.jpg
245.42578125	0.0	stim_train,15565,-1,159	959	62829	15565.jpg
245.625	0.0	stim_train,14314,-1,160	960	62880	14314.jpg
245.82421875	0.0	stim_train,12036,-1,161	961	62931	12036.jpg
246.0234375	0.0	stim_train,15718,-1,162	962	62982	15718.jpg
246.2421875	0.0	stim_train,8096,-1,163	963	63038	08096.jpg
246.44140625	0.0	stim_train,16234,-1,164	964	63089	16234.jpg
246.640625	0.0	stim_train,11694,-1,165	965	63140	11694.jpg
247.6796875	0.0	behav,3,-1,166	966	63406	n/a
248.04296875	0.0	stim_train,11464,-1,167	967	63499	11464.jpg
248.24609375	0.0	stim_train,2356,-1,168	968	63551	02356.jpg
248.4609375	0.0	stim_train,15147,-1,169	969	63606	15147.jpg
248.66015625	0.0	stim_train,9637,-1,170	970	63657	09637.jpg
248.859375	0.0	stim_train,10960,-1,171	971	63708	10960.jpg
249.0625	0.0	stim_train,9688,-1,172	972	63760	09688.jpg
249.27734375	0.0	stim_train,11836,-1,173	973	63815	11836.jpg
249.49609375	0.0	stim_train,2470,-1,174	974	63871	02470.jpg
249.6953125	0.0	stim_train,12876,-1,175	975	63922	12876.jpg
249.9140625	0.0	stim_train,1077,-1,176	976	63978	01077.jpg
250.11328125	0.0	stim_train,4704,-1,177	977	64029	04704.jpg
250.328125	0.0	stim_train,7333,-1,178	978	64084	07333.jpg
250.53125	0.0	stim_train,16268,-1,179	979	64136	16268.jpg
250.73046875	0.0	stim_train,2260,-1,180	980	64187	02260.jpg
250.9296875	0.0	stim_train,2893,-1,181	981	64238	02893.jpg
251.12890625	0.0	stim_train,7522,-1,182	982	64289	07522.jpg
251.33203125	0.0	stim_train,7202,-1,183	983	64341	07202.jpg
251.53125	0.0	stim_train,4119,-1,184	984	64392	04119.jpg
251.74609375	0.0	stim_train,15082,-1,185	985	64447	15082.jpg
251.94921875	0.0	stim_train,2603,-1,186	986	64499	02603.jpg
252.921875	0.0	behav,3,-1,187	987	64748	n/a
253.28125	0.0	stim_train,15719,-1,188	988	64840	15719.jpg
253.5	0.0	stim_train,4718,-1,189	989	64896	04718.jpg
253.69921875	0.0	stim_train,15418,-1,190	990	64947	15418.jpg
253.9140625	0.0	stim_train,13897,-1,191	991	65002	13897.jpg
254.1328125	0.0	stim_train,11884,-1,192	992	65058	11884.jpg
254.33203125	0.0	stim_train,15162,-1,193	993	65109	15162.jpg
254.55078125	0.0	stim_train,10695,-1,194	994	65165	10695.jpg
254.75	0.0	stim_train,10294,-1,195	995	65216	10294.jpg
254.94921875	0.0	stim_train,1810,-1,196	996	65267	01810.jpg
255.16796875	0.0	stim_train,5867,-1,197	997	65323	05867.jpg
255.3671875	0.0	stim_train,7838,-1,198	998	65374	07838.jpg
255.5859375	0.0	stim_train,207,-1,199	999	65430	00207.jpg
255.78515625	0.0	stim_train,14384,-1,200	1000	65481	14384.jpg
255.98828125	0.0	stim_train,7158,-1,201	1001	65533	07158.jpg
256.203125	0.0	stim_train,12568,-1,202	1002	65588	12568.jpg
256.41796875	0.0	stim_train,6776,-1,203	1003	65643	06776.jpg
256.63671875	0.0	stim_train,6885,-1,204	1004	65699	06885.jpg
256.85546875	0.0	stim_train,5502,-1,205	1005	65755	05502.jpg
257.0546875	0.0	stim_train,13312,-1,206	1006	65806	13312.jpg
257.26953125	0.0	stim_train,2986,-1,207	1007	65861	02986.jpg
258.234375	0.0	behav,3,-1,208	1008	66108	n/a
258.58984375	0.0	stim_train,10416,-1,209	1009	66199	10416.jpg
258.7890625	0.0	stim_train,9964,-1,210	1010	66250	09964.jpg
258.98828125	0.0	stim_train,15001,-1,211	1011	66301	15001.jpg
259.20703125	0.0	stim_train,33,-1,212	1012	66357	00033.jpg
259.40625	0.0	stim_train,128,-1,213	1013	66408	00128.jpg
259.60546875	0.0	stim_train,15825,-1,214	1014	66459	15825.jpg
259.82421875	0.0	stim_train,197,-1,215	1015	66515	00197.jpg
260.0390625	0.0	stim_train,8056,-1,216	1016	66570	08056.jpg
260.25390625	0.0	stim_train,14763,-1,217	1017	66625	14763.jpg
260.45703125	0.0	stim_train,11970,-1,218	1018	66677	11970.jpg
260.66015625	0.0	stim_train,1609,-1,219	1019	66729	01609.jpg
260.859375	0.0	stim_train,13671,-1,220	1020	66780	13671.jpg
261.05859375	0.0	stim_train,12810,-1,221	1021	66831	12810.jpg
261.2734375	0.0	stim_train,5867,-1,222	1022	66886	05867.jpg
261.4921875	0.0	stim_train,6055,-1,223	1023	66942	06055.jpg
261.70703125	0.0	stim_train,13607,-1,224	1024	66997	13607.jpg
261.90625	0.0	stim_train,5090,-1,225	1025	67048	05090.jpg
262.10546875	0.0	stim_train,5214,-1,226	1026	67099	05214.jpg
262.3046875	0.0	stim_train,234,-1,227	1027	67150	00234.jpg
262.5078125	0.0	stim_train,1353,-1,228	1028	67202	01353.jpg
263.47265625	0.0	behav,3,-1,229	1029	67449	n/a
263.84375	0.0	stim_train,3090,-1,230	1030	67544	03090.jpg
264.0625	0.0	stim_train,12317,-1,231	1031	67600	12317.jpg
264.2734375	0.0	stim_train,1621,-1,232	1032	67654	01621.jpg
264.48046875	0.0	stim_train,2921,-1,233	1033	67707	02921.jpg
264.6796875	0.0	stim_train,15941,-1,234	1034	67758	15941.jpg
264.89453125	0.0	stim_train,12044,-1,235	1035	67813	12044.jpg
265.11328125	0.0	stim_train,12587,-1,236	1036	67869	12587.jpg
265.3125	0.0	stim_train,1348,-1,237	1037	67920	01348.jpg
265.5078125	0.0	stim_train,9311,-1,238	1038	67970	09311.jpg
265.73046875	0.0	stim_train,11328,-1,239	1039	68027	11328.jpg
265.9453125	0.0	stim_train,14140,-1,240	1040	68082	14140.jpg
266.1640625	0.0	stim_train,6590,-1,241	1041	68138	06590.jpg
266.36328125	0.0	stim_train,16152,-1,242	1042	68189	16152.jpg
266.578125	0.0	stim_train,209,-1,243	1043	68244	00209.jpg
266.77734375	0.0	stim_train,15556,-1,244	1044	68295	15556.jpg
266.99609375	0.0	stim_train,11450,-1,245	1045	68351	11450.jpg
267.1953125	0.0	stim_train,10903,-1,246	1046	68402	10903.jpg
267.41015625	0.0	stim_train,444,-1,247	1047	68457	00444.jpg
267.62890625	0.0	stim_train,323,-1,248	1048	68513	00323.jpg
267.84375	0.0	stim_train,11051,-1,249	1049	68568	11051.jpg
269.125	0.0	behav,3,-1,250	1050	68896	n/a
269.484375	0.0	stim_train,10487,-1,251	1051	68988	10487.jpg
269.6796875	0.0	stim_train,11284,-1,252	1052	69038	11284.jpg
269.8828125	0.0	stim_train,5250,-1,253	1053	69090	05250.jpg
270.09765625	0.0	stim_train,13087,-1,254	1054	69145	13087.jpg
270.31640625	0.0	stim_train,13351,-1,255	1055	69201	13351.jpg
270.515625	0.0	stim_train,7834,-1,256	1056	69252	07834.jpg
270.71484375	0.0	stim_train,288,-1,257	1057	69303	00288.jpg
270.9296875	0.0	stim_train,16217,-1,258	1058	69358	16217.jpg
271.1328125	0.0	stim_train,9960,-1,259	1059	69410	09960.jpg
271.33203125	0.0	stim_train,11185,-1,260	1060	69461	11185.jpg
271.53125	0.0	stim_train,9041,-1,261	1061	69512	09041.jpg
271.75	0.0	stim_train,16035,-1,262	1062	69568	16035.jpg
271.96875	0.0	stim_train,14963,-1,263	1063	69624	14963.jpg
272.18359375	0.0	stim_train,12986,-1,264	1064	69679	12986.jpg
272.3828125	0.0	stim_train,2971,-1,265	1065	69730	02971.jpg
272.6015625	0.0	stim_train,9694,-1,266	1066	69786	09694.jpg
272.8203125	0.0	stim_train,13929,-1,267	1067	69842	13929.jpg
273.015625	0.0	stim_train,1897,-1,268	1068	69892	01897.jpg
273.21875	0.0	stim_train,11489,-1,269	1069	69944	11489.jpg
273.43359375	0.0	stim_train,11151,-1,270	1070	69999	11151.jpg
274.4765625	0.0	behav,3,-1,271	1071	70266	n/a
274.8359375	0.0	stim_train,14293,-1,272	1072	70358	14293.jpg
275.03515625	0.0	stim_train,12344,-1,273	1073	70409	12344.jpg
275.25390625	0.0	stim_train,12346,-1,274	1074	70465	12346.jpg
275.47265625	0.0	stim_train,7623,-1,275	1075	70521	07623.jpg
275.671875	0.0	stim_train,11659,-1,276	1076	70572	11659.jpg
275.88671875	0.0	stim_train,3877,-1,277	1077	70627	03877.jpg
276.08984375	0.0	stim_train,4573,-1,278	1078	70679	04573.jpg
276.3046875	0.0	stim_train,12865,-1,279	1079	70734	12865.jpg
276.51953125	0.0	stim_train,13667,-1,280	1080	70789	13667.jpg
276.73828125	0.0	stim_train,10979,-1,281	1081	70845	10979.jpg
276.95703125	0.0	stim_train,7177,-1,282	1082	70901	07177.jpg
277.171875	0.0	stim_train,7404,-1,283	1083	70956	07404.jpg
277.37109375	0.0	stim_train,15493,-1,284	1084	71007	15493.jpg
277.58984375	0.0	stim_train,744,-1,285	1085	71063	00744.jpg
277.80859375	0.0	stim_train,3401,-1,286	1086	71119	03401.jpg
278.0234375	0.0	stim_train,13471,-1,287	1087	71174	13471.jpg
278.23828125	0.0	stim_train,14915,-1,288	1088	71229	14915.jpg
278.45703125	0.0	stim_train,2548,-1,289	1089	71285	02548.jpg
278.65625	0.0	stim_train,15596,-1,290	1090	71336	15596.jpg
278.875	0.0	stim_train,10489,-1,291	1091	71392	10489.jpg
279.94140625	0.0	behav,3,-1,292	1092	71665	n/a
280.32421875	0.0	stim_train,11992,-1,293	1093	71763	11992.jpg
280.5234375	0.0	stim_train,4457,-1,294	1094	71814	04457.jpg
280.7421875	0.0	stim_train,4246,-1,295	1095	71870	04246.jpg
280.94140625	0.0	oddball,16743,-1,296	1096	71921	16743.jpg
281.14453125	0.0	stim_train,13488,-1,297	1097	71973	13488.jpg
281.34375	0.0	stim_train,2607,-1,298	1098	72024	02607.jpg
281.54296875	0.0	stim_train,8312,-1,299	1099	72075	08312.jpg
281.7421875	0.0	stim_train,9959,-1,300	1100	72126	09959.jpg
281.95703125	0.0	stim_train,8948,-1,301	1101	72181	08948.jpg
282.16015625	0.0	stim_train,13892,-1,302	1102	72233	13892.jpg
282.359375	0.0	stim_train,3241,-1,303	1103	72284	03241.jpg
282.578125	0.0	stim_train,3932,-1,304	1104	72340	03932.jpg
282.79296875	0.0	stim_train,12643,-1,305	1105	72395	12643.jpg
283.01171875	0.0	stim_train,2391,-1,306	1106	72451	02391.jpg
283.2109375	0.0	stim_train,8030,-1,307	1107	72502	08030.jpg
283.41015625	0.0	stim_train,1258,-1,308	1108	72553	01258.jpg
283.62890625	0.0	stim_train,4779,-1,309	1109	72609	04779.jpg
283.84375	0.0	stim_train,10247,-1,310	1110	72664	10247.jpg
284.0625	0.0	stim_train,11287,-1,311	1111	72720	11287.jpg
284.26171875	0.0	stim_train,2626,-1,312	1112	72771	02626.jpg
285.27734375	0.0	behav,2,-1,313	1113	73031	n/a
285.61328125	0.0	stim_train,4247,-1,314	1114	73117	04247.jpg
285.8125	0.0	stim_train,16337,-1,315	1115	73168	16337.jpg
286.015625	0.0	stim_train,15897,-1,316	1116	73220	15897.jpg
286.23046875	0.0	stim_train,14553,-1,317	1117	73275	14553.jpg
286.4296875	0.0	stim_train,16006,-1,318	1118	73326	16006.jpg
286.6328125	0.0	stim_train,3272,-1,319	1119	73378	03272.jpg
286.83203125	0.0	stim_train,10452,-1,320	1120	73429	10452.jpg
287.05078125	0.0	stim_train,5500,-1,321	1121	73485	05500.jpg
287.265625	0.0	stim_train,9387,-1,322	1122	73540	09387.jpg
287.48046875	0.0	stim_train,1499,-1,323	1123	73595	01499.jpg
287.68359375	0.0	stim_train,5416,-1,324	1124	73647	05416.jpg
287.8828125	0.0	stim_train,10764,-1,325	1125	73698	10764.jpg
288.09765625	0.0	stim_train,2380,-1,326	1126	73753	02380.jpg
288.30078125	0.0	stim_train,10560,-1,327	1127	73805	10560.jpg
288.5	0.0	stim_train,11852,-1,328	1128	73856	11852.jpg
288.69921875	0.0	stim_train,9933,-1,329	1129	73907	09933.jpg
288.90234375	0.0	stim_train,12463,-1,330	1130	73959	12463.jpg
289.1015625	0.0	stim_train,8593,-1,331	1131	74010	08593.jpg
289.30078125	0.0	stim_train,12384,-1,332	1132	74061	12384.jpg
289.5	0.0	stim_train,7972,-1,333	1133	74112	07972.jpg
290.49609375	0.0	behav,3,-1,334	1134	74367	n/a
290.85546875	0.0	stim_train,9045,-1,335	1135	74459	09045.jpg
291.0546875	0.0	stim_train,11611,-1,336	1136	74510	11611.jpg
291.26953125	0.0	stim_train,9507,-1,337	1137	74565	09507.jpg
291.48828125	0.0	stim_train,5219,-1,338	1138	74621	05219.jpg
291.6875	0.0	stim_train,13353,-1,339	1139	74672	13353.jpg
291.88671875	0.0	stim_train,1813,-1,340	1140	74723	01813.jpg
292.08984375	0.0	stim_train,7242,-1,341	1141	74775	07242.jpg
292.3046875	0.0	stim_train,32,-1,342	1142	74830	00032.jpg
292.51953125	0.0	stim_train,3839,-1,343	1143	74885	03839.jpg
292.73828125	0.0	stim_train,3347,-1,344	1144	74941	03347.jpg
292.953125	0.0	stim_train,3349,-1,345	1145	74996	03349.jpg
293.15625	0.0	stim_train,15930,-1,346	1146	75048	15930.jpg
293.37109375	0.0	stim_train,15133,-1,347	1147	75103	15133.jpg
293.58984375	0.0	stim_train,7002,-1,348	1148	75159	07002.jpg
293.8046875	0.0	stim_train,11182,-1,349	1149	75214	11182.jpg
294.0078125	0.0	stim_train,14337,-1,350	1150	75266	14337.jpg
294.20703125	0.0	stim_train,14746,-1,351	1151	75317	14746.jpg
294.40625	0.0	stim_train,10952,-1,352	1152	75368	10952.jpg
294.625	0.0	stim_train,13889,-1,353	1153	75424	13889.jpg
294.82421875	0.0	stim_train,1165,-1,354	1154	75475	01165.jpg
295.78515625	0.0	behav,3,-1,355	1155	75721	n/a
296.140625	0.0	stim_train,15692,-1,356	1156	75812	15692.jpg
296.34375	0.0	stim_train,469,-1,357	1157	75864	00469.jpg
296.54296875	0.0	stim_train,13464,-1,358	1158	75915	13464.jpg
296.76171875	0.0	stim_train,14717,-1,359	1159	75971	14717.jpg
296.9765625	0.0	stim_train,14473,-1,360	1160	76026	14473.jpg
