onset	duration	trial_type	value	sample	stim_file
0.97265625	0.0	stim_train,5818,-1,1	1	249	05818.jpg
1.15625	0.0	stim_train,9640,-1,2	2	296	09640.jpg
1.359375	0.0	stim_train,12241,-1,3	3	348	12241.jpg
1.5625	0.0	stim_train,3443,-1,4	4	400	03443.jpg
1.76953125	0.0	stim_train,4681,-1,5	5	453	04681.jpg
1.97265625	0.0	stim_train,1508,-1,6	6	505	01508.jpg
2.16015625	0.0	stim_train,2974,-1,7	7	553	02974.jpg
2.359375	0.0	stim_train,3677,-1,8	8	604	03677.jpg
2.5625	0.0	stim_train,15210,-1,9	9	656	15210.jpg
2.76953125	0.0	stim_train,15227,-1,10	10	709	15227.jpg
2.97265625	0.0	stim_train,6629,-1,11	11	761	06629.jpg
3.16015625	0.0	stim_train,247,-1,12	12	809	00247.jpg
3.36328125	0.0	stim_train,501,-1,13	13	861	00501.jpg
3.5625	0.0	stim_train,14916,-1,14	14	912	14916.jpg
3.76953125	0.0	stim_train,14526,-1,15	15	965	14526.jpg
3.97265625	0.0	stim_train,11307,-1,16	16	1017	11307.jpg
4.17578125	0.0	stim_train,9144,-1,17	17	1069	09144.jpg
4.36328125	0.0	stim_train,9374,-1,18	18	1117	09374.jpg
4.5625	0.0	stim_train,14735,-1,19	19	1168	14735.jpg
4.76953125	0.0	stim_train,10268,-1,20	20	1221	10268.jpg
5.96875	0.0	behav,3,-1,21	21	1528	n/a
6.33203125	0.0	stim_train,13791,-1,22	22	1621	13791.jpg
6.53515625	0.0	stim_train,2368,-1,23	23	1673	02368.jpg
6.73828125	0.0	stim_train,3737,-1,24	24	1725	03737.jpg
6.94140625	0.0	stim_train,14146,-1,25	25	1777	14146.jpg
7.14453125	0.0	stim_train,13221,-1,26	26	1829	13221.jpg
7.33203125	0.0	stim_train,7462,-1,27	27	1877	07462.jpg
7.53515625	0.0	stim_train,2169,-1,28	28	1929	02169.jpg
7.73828125	0.0	stim_train,12469,-1,29	29	1981	12469.jpg
7.94140625	0.0	stim_train,16449,-1,30	30	2033	16449.jpg
8.14453125	0.0	stim_train,7524,-1,31	31	2085	07524.jpg
8.33203125	0.0	stim_train,14787,-1,32	32	2133	14787.jpg
8.53515625	0.0	stim_train,1034,-1,33	33	2185	01034.jpg
8.73828125	0.0	stim_train,13146,-1,34	34	2237	13146.jpg
8.94140625	0.0	stim_train,15456,-1,35	35	2289	15456.jpg
9.14453125	0.0	stim_train,15748,-1,36	36	2341	15748.jpg
9.34765625	0.0	stim_train,15902,-1,37	37	2393	15902.jpg
9.53515625	0.0	stim_train,5536,-1,38	38	2441	05536.jpg
9.73828125	0.0	stim_train,15512,-1,39	39	2493	15512.jpg
9.94140625	0.0	stim_train,1539,-1,40	40	2545	01539.jpg
10.14453125	0.0	stim_train,3238,-1,41	41	2597	03238.jpg
11.390625	0.0	behav,3,-1,42	42	2916	n/a
11.72265625	0.0	stim_train,15734,-1,43	43	3001	15734.jpg
11.92578125	0.0	stim_train,15514,-1,44	44	3053	15514.jpg
12.12890625	0.0	stim_train,13732,-1,45	45	3105	13732.jpg
12.33203125	0.0	stim_train,11635,-1,46	46	3157	11635.jpg
12.51953125	0.0	stim_train,7448,-1,47	47	3205	07448.jpg
12.72265625	0.0	stim_train,3640,-1,48	48	3257	03640.jpg
12.92578125	0.0	stim_train,7189,-1,49	49	3309	07189.jpg
13.12890625	0.0	stim_train,13291,-1,50	50	3361	13291.jpg
13.33203125	0.0	stim_train,415,-1,51	51	3413	00415.jpg
13.53515625	0.0	stim_train,4451,-1,52	52	3465	04451.jpg
13.72265625	0.0	stim_train,5373,-1,53	53	3513	05373.jpg
13.92578125	0.0	stim_train,4252,-1,54	54	3565	04252.jpg
14.12890625	0.0	stim_train,4863,-1,55	55	3617	04863.jpg
14.33203125	0.0	stim_train,1924,-1,56	56	3669	01924.jpg
14.53515625	0.0	stim_train,14625,-1,57	57	3721	14625.jpg
14.72265625	0.0	stim_train,15467,-1,58	58	3769	15467.jpg
14.92578125	0.0	stim_train,7923,-1,59	59	3821	07923.jpg
15.12890625	0.0	stim_train,10524,-1,60	60	3873	10524.jpg
15.33203125	0.0	stim_train,4870,-1,61	61	3925	04870.jpg
15.53515625	0.0	stim_train,1493,-1,62	62	3977	01493.jpg
17.08203125	0.0	behav,3,-1,63	63	4373	n/a
17.42578125	0.0	stim_train,4407,-1,64	64	4461	04407.jpg
17.62890625	0.0	stim_train,14936,-1,65	65	4513	14936.jpg
17.83203125	0.0	stim_train,14064,-1,66	66	4565	14064.jpg
18.03515625	0.0	stim_train,507,-1,67	67	4617	00507.jpg
18.23828125	0.0	stim_train,13299,-1,68	68	4669	13299.jpg
18.42578125	0.0	stim_train,4907,-1,69	69	4717	04907.jpg
18.62890625	0.0	stim_train,7429,-1,70	70	4769	07429.jpg
18.83203125	0.0	stim_train,3418,-1,71	71	4821	03418.jpg
19.03515625	0.0	stim_train,4761,-1,72	72	4873	04761.jpg
19.23828125	0.0	stim_train,1095,-1,73	73	4925	01095.jpg
19.44140625	0.0	stim_train,10811,-1,74	74	4977	10811.jpg
19.62890625	0.0	stim_train,1705,-1,75	75	5025	01705.jpg
19.83203125	0.0	stim_train,11275,-1,76	76	5077	11275.jpg
20.03515625	0.0	stim_train,6121,-1,77	77	5129	06121.jpg
20.23828125	0.0	stim_train,5731,-1,78	78	5181	05731.jpg
20.44140625	0.0	stim_train,6049,-1,79	79	5233	06049.jpg
20.62890625	0.0	stim_train,15905,-1,80	80	5281	15905.jpg
20.83203125	0.0	stim_train,10759,-1,81	81	5333	10759.jpg
21.03515625	0.0	stim_train,2143,-1,82	82	5385	02143.jpg
21.23828125	0.0	stim_train,13424,-1,83	83	5437	13424.jpg
22.40234375	0.0	behav,3,-1,84	84	5735	n/a
22.76953125	0.0	stim_train,6643,-1,85	85	5829	06643.jpg
22.97265625	0.0	stim_train,100,-1,86	86	5881	00100.jpg
23.17578125	0.0	stim_train,9463,-1,87	87	5933	09463.jpg
23.36328125	0.0	stim_train,12362,-1,88	88	5981	12362.jpg
23.56640625	0.0	stim_train,1653,-1,89	89	6033	01653.jpg
23.76953125	0.0	stim_train,4513,-1,90	90	6085	04513.jpg
23.97265625	0.0	stim_train,61,-1,91	91	6137	00061.jpg
24.17578125	0.0	stim_train,10384,-1,92	92	6189	10384.jpg
24.37890625	0.0	stim_train,245,-1,93	93	6241	00245.jpg
24.56640625	0.0	stim_train,6280,-1,94	94	6289	06280.jpg
24.76953125	0.0	stim_train,13121,-1,95	95	6341	13121.jpg
24.97265625	0.0	stim_train,12533,-1,96	96	6393	12533.jpg
25.17578125	0.0	stim_train,10585,-1,97	97	6445	10585.jpg
25.37890625	0.0	stim_train,12391,-1,98	98	6497	12391.jpg
25.58203125	0.0	stim_train,11177,-1,99	99	6549	11177.jpg
25.76953125	0.0	stim_train,1692,-1,100	100	6597	01692.jpg
25.97265625	0.0	stim_train,613,-1,377	101	6649	00613.jpg
26.17578125	0.0	stim_train,328,-1,378	102	6701	00328.jpg
26.37890625	0.0	stim_train,8735,-1,379	103	6753	08735.jpg
26.58203125	0.0	stim_train,5842,-1,380	104	6805	05842.jpg
27.70703125	0.0	behav,3,-1,381	105	7093	n/a
28.08203125	0.0	stim_train,14657,-1,382	106	7189	14657.jpg
28.26953125	0.0	stim_train,14549,-1,383	107	7237	14549.jpg
28.47265625	0.0	stim_train,8357,-1,384	108	7289	08357.jpg
28.671875	0.0	stim_train,5395,-1,385	109	7340	05395.jpg
28.875	0.0	stim_train,7083,-1,386	110	7392	07083.jpg
29.078125	0.0	stim_train,13509,-1,387	111	7444	13509.jpg
29.28125	0.0	stim_train,8159,-1,388	112	7496	08159.jpg
29.46875	0.0	stim_train,6339,-1,389	113	7544	06339.jpg
29.671875	0.0	stim_train,5486,-1,390	114	7596	05486.jpg
29.875	0.0	stim_train,7987,-1,391	115	7648	07987.jpg
30.078125	0.0	stim_train,3476,-1,392	116	7700	03476.jpg
30.28125	0.0	stim_train,9116,-1,393	117	7752	09116.jpg
30.46875	0.0	stim_train,10139,-1,394	118	7800	10139.jpg
30.671875	0.0	stim_train,18,-1,395	119	7852	00018.jpg
30.875	0.0	stim_train,8590,-1,396	120	7904	08590.jpg
31.078125	0.0	stim_train,10666,-1,397	121	7956	10666.jpg
31.28125	0.0	stim_train,4833,-1,398	122	8008	04833.jpg
31.46875	0.0	stim_train,15409,-1,399	123	8056	15409.jpg
31.671875	0.0	stim_train,6318,-1,400	124	8108	06318.jpg
31.875	0.0	stim_train,1710,-1,401	125	8160	01710.jpg
34.03125	0.0	behav,3,-1,402	126	8712	n/a
34.359375	0.0	stim_train,5901,-1,403	127	8796	05901.jpg
34.5625	0.0	stim_train,7262,-1,404	128	8848	07262.jpg
34.765625	0.0	stim_train,3249,-1,405	129	8900	03249.jpg
34.96875	0.0	stim_train,7511,-1,406	130	8952	07511.jpg
35.15625	0.0	stim_train,6350,-1,407	131	9000	06350.jpg
35.359375	0.0	stim_train,926,-1,408	132	9052	00926.jpg
35.5625	0.0	stim_train,8836,-1,409	133	9104	08836.jpg
35.765625	0.0	stim_train,10223,-1,410	134	9156	10223.jpg
35.96875	0.0	stim_train,13768,-1,411	135	9208	13768.jpg
36.15625	0.0	stim_train,16220,-1,412	136	9256	16220.jpg
36.359375	0.0	stim_train,10852,-1,413	137	9308	10852.jpg
36.5625	0.0	stim_train,10650,-1,414	138	9360	10650.jpg
36.765625	0.0	stim_train,9826,-1,415	139	9412	09826.jpg
36.96875	0.0	stim_train,5994,-1,416	140	9464	05994.jpg
37.171875	0.0	stim_train,155,-1,417	141	9516	00155.jpg
37.359375	0.0	stim_train,819,-1,418	142	9564	00819.jpg
37.5625	0.0	stim_train,8725,-1,419	143	9616	08725.jpg
37.765625	0.0	stim_train,10177,-1,420	144	9668	10177.jpg
37.96875	0.0	stim_train,13645,-1,421	145	9720	13645.jpg
38.171875	0.0	stim_train,7122,-1,422	146	9772	07122.jpg
39.6796875	0.0	behav,3,-1,423	147	10158	n/a
40.03125	0.0	stim_train,15900,-1,424	148	10248	15900.jpg
40.234375	0.0	stim_train,15166,-1,425	149	10300	15166.jpg
40.4375	0.0	stim_train,3215,-1,426	150	10352	03215.jpg
40.640625	0.0	stim_train,3649,-1,427	151	10404	03649.jpg
40.828125	0.0	stim_train,5045,-1,428	152	10452	05045.jpg
41.03125	0.0	stim_train,11557,-1,429	153	10504	11557.jpg
41.234375	0.0	stim_train,15939,-1,430	154	10556	15939.jpg
41.4375	0.0	stim_train,10052,-1,431	155	10608	10052.jpg
41.640625	0.0	stim_train,6498,-1,432	156	10660	06498.jpg
41.84375	0.0	stim_train,3749,-1,433	157	10712	03749.jpg
42.03125	0.0	stim_train,3932,-1,434	158	10760	03932.jpg
42.234375	0.0	stim_train,4564,-1,435	159	10812	04564.jpg
42.4375	0.0	stim_train,16427,-1,436	160	10864	16427.jpg
42.640625	0.0	stim_train,6400,-1,437	161	10916	06400.jpg
42.84375	0.0	stim_train,12688,-1,438	162	10968	12688.jpg
43.03125	0.0	stim_train,186,-1,439	163	11016	00186.jpg
43.234375	0.0	stim_train,10910,-1,440	164	11068	10910.jpg
43.4375	0.0	stim_train,13209,-1,441	165	11120	13209.jpg
43.640625	0.0	stim_train,912,-1,442	166	11172	00912.jpg
43.84375	0.0	stim_train,11505,-1,443	167	11224	11505.jpg
45.0234375	0.0	behav,3,-1,444	168	11526	n/a
45.390625	0.0	stim_train,11576,-1,445	169	11620	11576.jpg
45.59375	0.0	stim_train,8448,-1,446	170	11672	08448.jpg
45.796875	0.0	stim_train,1293,-1,447	171	11724	01293.jpg
45.984375	0.0	stim_train,10228,-1,448	172	11772	10228.jpg
46.1875	0.0	stim_train,9087,-1,449	173	11824	09087.jpg
46.390625	0.0	stim_train,6362,-1,450	174	11876	06362.jpg
46.59375	0.0	stim_train,12079,-1,451	175	11928	12079.jpg
46.796875	0.0	stim_train,805,-1,452	176	11980	00805.jpg
46.984375	0.0	stim_train,3951,-1,453	177	12028	03951.jpg
47.1875	0.0	stim_train,5332,-1,454	178	12080	05332.jpg
47.390625	0.0	stim_train,3278,-1,455	179	12132	03278.jpg
47.59375	0.0	stim_train,11627,-1,456	180	12184	11627.jpg
47.796875	0.0	stim_train,10146,-1,457	181	12236	10146.jpg
48.0	0.0	stim_train,13256,-1,458	182	12288	13256.jpg
48.1875	0.0	stim_train,10632,-1,459	183	12336	10632.jpg
48.390625	0.0	stim_train,1218,-1,460	184	12388	01218.jpg
48.59375	0.0	stim_train,2026,-1,461	185	12440	02026.jpg
48.796875	0.0	stim_train,14314,-1,462	186	12492	14314.jpg
49.0	0.0	stim_train,11980,-1,463	187	12544	11980.jpg
49.1875	0.0	stim_train,213,-1,464	188	12592	00213.jpg
50.3984375	0.0	behav,3,-1,465	189	12902	n/a
50.78125	0.0	stim_train,10558,-1,466	190	13000	10558.jpg
50.984375	0.0	stim_train,14685,-1,467	191	13052	14685.jpg
51.171875	0.0	stim_train,12584,-1,468	192	13100	12584.jpg
51.375	0.0	stim_train,824,-1,469	193	13152	00824.jpg
51.578125	0.0	stim_train,7195,-1,470	194	13204	07195.jpg
51.78125	0.0	stim_train,6717,-1,471	195	13256	06717.jpg
51.984375	0.0	stim_train,5436,-1,472	196	13308	05436.jpg
52.1875	0.0	stim_train,11245,-1,473	197	13360	11245.jpg
52.375	0.0	stim_train,6625,-1,474	198	13408	06625.jpg
52.578125	0.0	stim_train,12126,-1,475	199	13460	12126.jpg
52.78125	0.0	stim_train,13754,-1,476	200	13512	13754.jpg
52.984375	0.0	stim_train,13863,-1,477	201	13564	13863.jpg
53.1875	0.0	stim_train,5639,-1,478	202	13616	05639.jpg
53.375	0.0	stim_train,4197,-1,479	203	13664	04197.jpg
53.578125	0.0	stim_train,6950,-1,480	204	13716	06950.jpg
53.78125	0.0	stim_train,9182,-1,481	205	13768	09182.jpg
53.984375	0.0	stim_train,12356,-1,482	206	13820	12356.jpg
54.1875	0.0	stim_train,2775,-1,483	207	13872	02775.jpg
54.375	0.0	stim_train,10939,-1,484	208	13920	10939.jpg
54.578125	0.0	stim_train,15550,-1,485	209	13972	15550.jpg
55.6953125	0.0	behav,3,-1,486	210	14258	n/a
56.05078125	0.0	stim_train,6108,-1,487	211	14349	06108.jpg
56.25390625	0.0	stim_train,6185,-1,488	212	14401	06185.jpg
56.45703125	0.0	stim_train,1849,-1,489	213	14453	01849.jpg
56.65625	0.0	stim_train,11877,-1,490	214	14504	11877.jpg
56.859375	0.0	stim_train,5657,-1,491	215	14556	05657.jpg
57.05078125	0.0	stim_train,9309,-1,492	216	14605	09309.jpg
57.25390625	0.0	stim_train,9568,-1,493	217	14657	09568.jpg
57.45703125	0.0	stim_train,8282,-1,494	218	14709	08282.jpg
57.65625	0.0	stim_train,3870,-1,495	219	14760	03870.jpg
57.859375	0.0	stim_train,8514,-1,496	220	14812	08514.jpg
58.05078125	0.0	stim_train,2960,-1,497	221	14861	02960.jpg
58.25390625	0.0	stim_train,11508,-1,498	222	14913	11508.jpg
58.45703125	0.0	stim_train,6478,-1,499	223	14965	06478.jpg
58.66015625	0.0	stim_train,6479,-1,500	224	15017	06479.jpg
58.859375	0.0	stim_train,5641,-1,501	225	15068	05641.jpg
59.05078125	0.0	stim_train,4060,-1,502	226	15117	04060.jpg
59.25390625	0.0	stim_train,8684,-1,503	227	15169	08684.jpg
59.45703125	0.0	stim_train,2707,-1,504	228	15221	02707.jpg
59.66015625	0.0	stim_train,5238,-1,505	229	15273	05238.jpg
59.859375	0.0	stim_train,1509,-1,506	230	15324	01509.jpg
61.03125	0.0	behav,3,-1,507	231	15624	n/a
61.39453125	0.0	stim_train,16291,-1,508	232	15717	16291.jpg
61.59765625	0.0	stim_train,1055,-1,509	233	15769	01055.jpg
61.80078125	0.0	stim_train,1022,-1,510	234	15821	01022.jpg
61.98828125	0.0	stim_train,3376,-1,511	235	15869	03376.jpg
62.19140625	0.0	stim_train,6895,-1,512	236	15921	06895.jpg
62.39453125	0.0	stim_train,4968,-1,513	237	15973	04968.jpg
62.59765625	0.0	stim_train,14104,-1,514	238	16025	14104.jpg
62.80078125	0.0	stim_train,16416,-1,515	239	16077	16416.jpg
62.98828125	0.0	stim_train,13298,-1,516	240	16125	13298.jpg
63.19140625	0.0	stim_train,14246,-1,517	241	16177	14246.jpg
63.39453125	0.0	stim_train,11632,-1,518	242	16229	11632.jpg
63.59765625	0.0	stim_train,15826,-1,519	243	16281	15826.jpg
63.80078125	0.0	stim_train,6899,-1,520	244	16333	06899.jpg
64.00390625	0.0	stim_train,6852,-1,521	245	16385	06852.jpg
64.19140625	0.0	stim_train,2545,-1,522	246	16433	02545.jpg
64.39453125	0.0	stim_train,9948,-1,523	247	16485	09948.jpg
64.59765625	0.0	stim_train,3202,-1,524	248	16537	03202.jpg
64.80078125	0.0	stim_train,1934,-1,525	249	16589	01934.jpg
65.00390625	0.0	stim_train,11419,-1,526	250	16641	11419.jpg
65.19140625	0.0	stim_train,13500,-1,527	251	16689	13500.jpg
66.35546875	0.0	behav,3,-1,528	252	16987	n/a
66.72265625	0.0	stim_train,1289,-1,529	253	17081	01289.jpg
66.91015625	0.0	stim_train,6653,-1,530	254	17129	06653.jpg
67.11328125	0.0	stim_train,15206,-1,531	255	17181	15206.jpg
67.31640625	0.0	stim_train,11073,-1,532	256	17233	11073.jpg
67.51953125	0.0	stim_train,8819,-1,533	257	17285	08819.jpg
67.72265625	0.0	stim_train,9621,-1,534	258	17337	09621.jpg
67.91015625	0.0	stim_train,10874,-1,535	259	17385	10874.jpg
68.11328125	0.0	stim_train,7446,-1,536	260	17437	07446.jpg
68.31640625	0.0	stim_train,10964,-1,537	261	17489	10964.jpg
68.51953125	0.0	stim_train,15588,-1,538	262	17541	15588.jpg
68.72265625	0.0	stim_train,11755,-1,539	263	17593	11755.jpg
68.91015625	0.0	stim_train,11752,-1,540	264	17641	11752.jpg
69.11328125	0.0	stim_train,3629,-1,541	265	17693	03629.jpg
69.31640625	0.0	stim_train,10003,-1,542	266	17745	10003.jpg
69.51953125	0.0	stim_train,1861,-1,543	267	17797	01861.jpg
69.72265625	0.0	stim_train,5518,-1,544	268	17849	05518.jpg
69.92578125	0.0	stim_train,11294,-1,545	269	17901	11294.jpg
70.11328125	0.0	stim_train,9178,-1,546	270	17949	09178.jpg
70.31640625	0.0	stim_train,14071,-1,547	271	18001	14071.jpg
70.51953125	0.0	stim_train,14694,-1,548	272	18053	14694.jpg
71.69921875	0.0	behav,3,-1,549	273	18355	n/a
72.06640625	0.0	stim_train,1052,-1,550	274	18449	01052.jpg
72.26953125	0.0	stim_train,16021,-1,551	275	18501	16021.jpg
72.47265625	0.0	stim_train,9366,-1,552	276	18553	09366.jpg
72.67578125	0.0	stim_train,15090,-1,553	277	18605	15090.jpg
72.87890625	0.0	stim_train,1322,-1,554	278	18657	01322.jpg
73.06640625	0.0	stim_train,915,-1,555	279	18705	00915.jpg
73.26953125	0.0	stim_train,7230,-1,556	280	18757	07230.jpg
73.47265625	0.0	stim_train,9535,-1,557	281	18809	09535.jpg
73.67578125	0.0	stim_train,5989,-1,558	282	18861	05989.jpg
73.87890625	0.0	stim_train,1860,-1,559	283	18913	01860.jpg
74.06640625	0.0	stim_train,1528,-1,560	284	18961	01528.jpg
74.26953125	0.0	stim_train,6883,-1,561	285	19013	06883.jpg
74.47265625	0.0	stim_train,12936,-1,562	286	19065	12936.jpg
74.67578125	0.0	stim_train,11983,-1,563	287	19117	11983.jpg
74.87890625	0.0	stim_train,15774,-1,564	288	19169	15774.jpg
75.06640625	0.0	stim_train,15825,-1,565	289	19217	15825.jpg
75.26953125	0.0	stim_train,10264,-1,566	290	19269	10264.jpg
75.47265625	0.0	stim_train,7860,-1,567	291	19321	07860.jpg
75.67578125	0.0	stim_train,14603,-1,568	292	19373	14603.jpg
75.87890625	0.0	stim_train,4160,-1,569	293	19425	04160.jpg
77.04296875	0.0	behav,3,-1,570	294	19723	n/a
77.41015625	0.0	stim_train,7666,-1,571	295	19817	07666.jpg
77.61328125	0.0	stim_train,5676,-1,572	296	19869	05676.jpg
77.81640625	0.0	stim_train,4063,-1,573	297	19921	04063.jpg
78.00390625	0.0	stim_train,14887,-1,574	298	19969	14887.jpg
78.20703125	0.0	stim_train,3788,-1,575	299	20021	03788.jpg
78.41015625	0.0	stim_train,60,-1,576	300	20073	00060.jpg
78.61328125	0.0	stim_train,16223,-1,577	301	20125	16223.jpg
78.81640625	0.0	stim_train,13622,-1,578	302	20177	13622.jpg
79.00390625	0.0	stim_train,16212,-1,579	303	20225	16212.jpg
79.20703125	0.0	stim_train,9897,-1,580	304	20277	09897.jpg
79.41015625	0.0	stim_train,13540,-1,581	305	20329	13540.jpg
79.61328125	0.0	stim_train,16066,-1,582	306	20381	16066.jpg
79.81640625	0.0	stim_train,3333,-1,583	307	20433	03333.jpg
80.01953125	0.0	stim_train,10479,-1,584	308	20485	10479.jpg
80.20703125	0.0	stim_train,11300,-1,585	309	20533	11300.jpg
80.41015625	0.0	stim_train,4255,-1,586	310	20585	04255.jpg
80.61328125	0.0	stim_train,8724,-1,587	311	20637	08724.jpg
80.81640625	0.0	stim_train,3517,-1,588	312	20689	03517.jpg
81.01953125	0.0	stim_train,11541,-1,589	313	20741	11541.jpg
81.20703125	0.0	stim_train,4319,-1,590	314	20789	04319.jpg
82.38671875	0.0	behav,3,-1,591	315	21091	n/a
82.75390625	0.0	oddball,16748,-1,592	316	21185	16748.jpg
82.95703125	0.0	stim_train,13193,-1,593	317	21237	13193.jpg
83.14453125	0.0	stim_train,14275,-1,594	318	21285	14275.jpg
83.34765625	0.0	stim_train,9254,-1,595	319	21337	09254.jpg
83.55078125	0.0	stim_train,14287,-1,596	320	21389	14287.jpg
83.75390625	0.0	stim_train,13905,-1,597	321	21441	13905.jpg
83.95703125	0.0	stim_train,6632,-1,598	322	21493	06632.jpg
84.14453125	0.0	stim_train,3286,-1,599	323	21541	03286.jpg
84.34765625	0.0	stim_train,3574,-1,600	324	21593	03574.jpg
84.55078125	0.0	stim_train,7362,-1,601	325	21645	07362.jpg
84.75390625	0.0	stim_train,15,-1,602	326	21697	00015.jpg
84.95703125	0.0	stim_train,1731,-1,603	327	21749	01731.jpg
85.14453125	0.0	stim_train,14150,-1,604	328	21797	14150.jpg
85.34765625	0.0	stim_train,1569,-1,605	329	21849	01569.jpg
85.546875	0.0	stim_train,12803,-1,606	330	21900	12803.jpg
85.75	0.0	stim_train,15500,-1,607	331	21952	15500.jpg
85.953125	0.0	stim_train,1219,-1,608	332	22004	01219.jpg
86.15625	0.0	stim_train,11574,-1,609	333	22056	11574.jpg
86.34375	0.0	stim_train,13062,-1,610	334	22104	13062.jpg
86.546875	0.0	stim_train,12198,-1,611	335	22156	12198.jpg
87.7265625	0.0	behav,0,-1,612	336	22458	n/a
88.078125	0.0	stim_train,9842,-1,613	337	22548	09842.jpg
88.28125	0.0	stim_train,5614,-1,614	338	22600	05614.jpg
88.484375	0.0	stim_train,12543,-1,615	339	22652	12543.jpg
88.6875	0.0	stim_train,14540,-1,616	340	22704	14540.jpg
88.890625	0.0	stim_train,1558,-1,617	341	22756	01558.jpg
89.078125	0.0	stim_train,3611,-1,618	342	22804	03611.jpg
89.28125	0.0	stim_train,14035,-1,619	343	22856	14035.jpg
89.484375	0.0	stim_train,8618,-1,620	344	22908	08618.jpg
89.6875	0.0	stim_train,7072,-1,621	345	22960	07072.jpg
89.890625	0.0	stim_train,8359,-1,622	346	23012	08359.jpg
90.09375	0.0	stim_train,13808,-1,623	347	23064	13808.jpg
90.28125	0.0	stim_train,16218,-1,624	348	23112	16218.jpg
90.484375	0.0	stim_train,1127,-1,625	349	23164	01127.jpg
90.6875	0.0	stim_train,1607,-1,626	350	23216	01607.jpg
90.890625	0.0	stim_train,7589,-1,627	351	23268	07589.jpg
91.09375	0.0	stim_train,2928,-1,628	352	23320	02928.jpg
91.28125	0.0	stim_train,10909,-1,629	353	23368	10909.jpg
91.484375	0.0	stim_train,3738,-1,630	354	23420	03738.jpg
91.6875	0.0	stim_train,13807,-1,631	355	23472	13807.jpg
91.890625	0.0	stim_train,4440,-1,632	356	23524	04440.jpg
93.2421875	0.0	behav,3,-1,633	357	23870	n/a
93.609375	0.0	stim_train,2406,-1,634	358	23964	02406.jpg
93.8125	0.0	stim_train,14113,-1,635	359	24016	14113.jpg
94.0	0.0	stim_train,9117,-1,636	360	24064	09117.jpg
94.203125	0.0	stim_train,7120,-1,637	361	24116	07120.jpg
94.40625	0.0	stim_train,16059,-1,638	362	24168	16059.jpg
94.609375	0.0	stim_train,3770,-1,639	363	24220	03770.jpg
94.8125	0.0	stim_train,15691,-1,640	364	24272	15691.jpg
95.015625	0.0	stim_train,4263,-1,641	365	24324	04263.jpg
95.203125	0.0	stim_train,1310,-1,642	366	24372	01310.jpg
95.40625	0.0	stim_train,7914,-1,643	367	24424	07914.jpg
95.609375	0.0	stim_train,13641,-1,644	368	24476	13641.jpg
95.8125	0.0	stim_train,9320,-1,645	369	24528	09320.jpg
96.015625	0.0	stim_train,10358,-1,646	370	24580	10358.jpg
96.203125	0.0	stim_train,10795,-1,647	371	24628	10795.jpg
96.40625	0.0	stim_train,16202,-1,648	372	24680	16202.jpg
96.609375	0.0	stim_train,8760,-1,649	373	24732	08760.jpg
96.8125	0.0	stim_train,1783,-1,650	374	24784	01783.jpg
97.015625	0.0	stim_train,1702,-1,651	375	24836	01702.jpg
97.203125	0.0	stim_train,4417,-1,652	376	24884	04417.jpg
97.40625	0.0	stim_train,14251,-1,653	377	24936	14251.jpg
98.5859375	0.0	behav,3,-1,654	378	25238	n/a
98.953125	0.0	stim_train,15597,-1,655	379	25332	15597.jpg
99.140625	0.0	stim_train,1722,-1,656	380	25380	01722.jpg
99.34375	0.0	stim_train,7180,-1,657	381	25432	07180.jpg
99.546875	0.0	stim_train,8110,-1,658	382	25484	08110.jpg
99.75	0.0	stim_train,10605,-1,659	383	25536	10605.jpg
99.953125	0.0	stim_train,4413,-1,660	384	25588	04413.jpg
100.140625	0.0	stim_train,989,-1,661	385	25636	00989.jpg
100.34375	0.0	stim_train,4030,-1,662	386	25688	04030.jpg
100.546875	0.0	stim_train,7288,-1,663	387	25740	07288.jpg
100.75	0.0	stim_train,13180,-1,664	388	25792	13180.jpg
100.953125	0.0	stim_train,9737,-1,665	389	25844	09737.jpg
101.140625	0.0	stim_train,13178,-1,666	390	25892	13178.jpg
101.34375	0.0	stim_train,6892,-1,667	391	25944	06892.jpg
101.546875	0.0	stim_train,6929,-1,668	392	25996	06929.jpg
101.75	0.0	stim_train,7890,-1,669	393	26048	07890.jpg
101.953125	0.0	stim_train,2791,-1,670	394	26100	02791.jpg
102.140625	0.0	stim_train,12984,-1,671	395	26148	12984.jpg
102.34375	0.0	stim_train,16257,-1,672	396	26200	16257.jpg
102.546875	0.0	stim_train,5340,-1,673	397	26252	05340.jpg
102.75	0.0	stim_train,208,-1,674	398	26304	00208.jpg
103.9296875	0.0	behav,3,-1,675	399	26606	n/a
104.296875	0.0	stim_train,9909,-1,676	400	26700	09909.jpg
104.5	0.0	stim_train,14963,-1,677	401	26752	14963.jpg
104.703125	0.0	stim_train,4743,-1,678	402	26804	04743.jpg
104.90625	0.0	stim_train,10902,-1,679	403	26856	10902.jpg
105.109375	0.0	stim_train,4822,-1,680	404	26908	04822.jpg
105.296875	0.0	stim_train,3219,-1,681	405	26956	03219.jpg
105.5	0.0	stim_train,11043,-1,682	406	27008	11043.jpg
105.703125	0.0	stim_train,9228,-1,683	407	27060	09228.jpg
105.90625	0.0	stim_train,10159,-1,684	408	27112	10159.jpg
106.109375	0.0	stim_train,6631,-1,685	409	27164	06631.jpg
106.296875	0.0	stim_train,16333,-1,686	410	27212	16333.jpg
106.5	0.0	stim_train,13876,-1,687	411	27264	13876.jpg
106.703125	0.0	stim_train,10805,-1,688	412	27316	10805.jpg
106.90625	0.0	stim_train,2379,-1,689	413	27368	02379.jpg
107.109375	0.0	stim_train,530,-1,690	414	27420	00530.jpg
107.296875	0.0	stim_train,4507,-1,691	415	27468	04507.jpg
107.5	0.0	stim_train,8621,-1,692	416	27520	08621.jpg
107.703125	0.0	stim_train,10499,-1,693	417	27572	10499.jpg
107.90625	0.0	stim_train,283,-1,694	418	27624	00283.jpg
108.109375	0.0	stim_train,2117,-1,695	419	27676	02117.jpg
109.2109375	0.0	behav,3,-1,696	420	27958	n/a
109.578125	0.0	stim_train,8499,-1,697	421	28052	08499.jpg
109.76953125	0.0	stim_train,1785,-1,698	422	28101	01785.jpg
109.97265625	0.0	stim_train,15800,-1,699	423	28153	15800.jpg
110.17578125	0.0	stim_train,10747,-1,700	424	28205	10747.jpg
110.375	0.0	stim_train,15152,-1,701	425	28256	15152.jpg
110.578125	0.0	stim_train,7887,-1,702	426	28308	07887.jpg
110.78125	0.0	stim_train,1183,-1,703	427	28360	01183.jpg
110.97265625	0.0	stim_train,2387,-1,704	428	28409	02387.jpg
111.17578125	0.0	stim_train,5529,-1,705	429	28461	05529.jpg
111.375	0.0	stim_train,12905,-1,706	430	28512	12905.jpg
111.578125	0.0	stim_train,4287,-1,707	431	28564	04287.jpg
111.78125	0.0	stim_train,14617,-1,708	432	28616	14617.jpg
111.97265625	0.0	stim_train,15783,-1,709	433	28665	15783.jpg
112.17578125	0.0	stim_train,5932,-1,710	434	28717	05932.jpg
112.37890625	0.0	stim_train,5137,-1,711	435	28769	05137.jpg
112.578125	0.0	stim_train,10691,-1,712	436	28820	10691.jpg
112.78125	0.0	stim_train,5940,-1,713	437	28872	05940.jpg
112.97265625	0.0	stim_train,12054,-1,714	438	28921	12054.jpg
113.17578125	0.0	stim_train,11124,-1,715	439	28973	11124.jpg
113.37890625	0.0	stim_train,1453,-1,716	440	29025	01453.jpg
114.578125	0.0	behav,3,-1,717	441	29332	n/a
114.92578125	0.0	stim_train,10096,-1,718	442	29421	10096.jpg
115.12890625	0.0	stim_train,5047,-1,719	443	29473	05047.jpg
115.33203125	0.0	stim_train,16272,-1,720	444	29525	16272.jpg
115.53515625	0.0	stim_train,11830,-1,721	445	29577	11830.jpg
115.734375	0.0	stim_train,12011,-1,722	446	29628	12011.jpg
115.92578125	0.0	stim_train,10579,-1,723	447	29677	10579.jpg
116.12890625	0.0	stim_train,8131,-1,724	448	29729	08131.jpg
116.33203125	0.0	stim_train,15523,-1,725	449	29781	15523.jpg
116.53515625	0.0	stim_train,9781,-1,726	450	29833	09781.jpg
116.734375	0.0	stim_train,56,-1,727	451	29884	00056.jpg
116.9375	0.0	stim_train,15249,-1,728	452	29936	15249.jpg
117.12890625	0.0	stim_train,14939,-1,729	453	29985	14939.jpg
117.33203125	0.0	stim_train,8606,-1,730	454	30037	08606.jpg
117.53515625	0.0	stim_train,7135,-1,731	455	30089	07135.jpg
117.73828125	0.0	stim_train,8741,-1,732	456	30141	08741.jpg
117.9375	0.0	stim_train,6226,-1,733	457	30192	06226.jpg
118.12890625	0.0	stim_train,14228,-1,734	458	30241	14228.jpg
118.33203125	0.0	stim_train,15771,-1,735	459	30293	15771.jpg
118.53515625	0.0	stim_train,9822,-1,736	460	30345	09822.jpg
118.73828125	0.0	stim_train,12219,-1,737	461	30397	12219.jpg
120.08984375	0.0	behav,3,-1,738	462	30743	n/a
120.44140625	0.0	stim_train,6278,-1,739	463	30833	06278.jpg
120.64453125	0.0	stim_train,1161,-1,740	464	30885	01161.jpg
120.83203125	0.0	stim_train,15023,-1,741	465	30933	15023.jpg
121.03515625	0.0	stim_train,5516,-1,742	466	30985	05516.jpg
121.23828125	0.0	stim_train,3568,-1,743	467	31037	03568.jpg
121.44140625	0.0	stim_train,1933,-1,744	468	31089	01933.jpg
121.64453125	0.0	stim_train,4362,-1,745	469	31141	04362.jpg
121.83203125	0.0	stim_train,7277,-1,746	470	31189	07277.jpg
122.03515625	0.0	stim_train,5833,-1,747	471	31241	05833.jpg
122.23828125	0.0	stim_train,6409,-1,748	472	31293	06409.jpg
122.44140625	0.0	stim_train,9186,-1,749	473	31345	09186.jpg
122.64453125	0.0	stim_train,2167,-1,750	474	31397	02167.jpg
122.84765625	0.0	stim_train,15950,-1,751	475	31449	15950.jpg
123.03515625	0.0	stim_train,1979,-1,752	476	31497	01979.jpg
123.23828125	0.0	stim_train,1481,-1,753	477	31549	01481.jpg
123.44140625	0.0	stim_train,15024,-1,754	478	31601	15024.jpg
123.64453125	0.0	stim_train,15840,-1,755	479	31653	15840.jpg
123.84765625	0.0	stim_train,13031,-1,756	480	31705	13031.jpg
124.03515625	0.0	stim_train,15591,-1,757	481	31753	15591.jpg
124.23828125	0.0	stim_train,8099,-1,758	482	31805	08099.jpg
125.41015625	0.0	behav,3,-1,759	483	32105	n/a
125.76953125	0.0	stim_train,10767,-1,760	484	32197	10767.jpg
125.97265625	0.0	stim_train,5684,-1,761	485	32249	05684.jpg
126.17578125	0.0	stim_train,13369,-1,762	486	32301	13369.jpg
126.37890625	0.0	stim_train,8021,-1,763	487	32353	08021.jpg
126.58203125	0.0	stim_train,13164,-1,764	488	32405	13164.jpg
126.78515625	0.0	stim_train,3366,-1,765	489	32457	03366.jpg
126.97265625	0.0	stim_train,6700,-1,766	490	32505	06700.jpg
127.17578125	0.0	stim_train,5938,-1,767	491	32557	05938.jpg
127.37890625	0.0	stim_train,10941,-1,768	492	32609	10941.jpg
127.58203125	0.0	stim_train,13961,-1,769	493	32661	13961.jpg
127.78515625	0.0	stim_train,15036,-1,770	494	32713	15036.jpg
127.97265625	0.0	stim_train,1769,-1,771	495	32761	01769.jpg
128.17578125	0.0	stim_train,6370,-1,772	496	32813	06370.jpg
128.37890625	0.0	stim_train,3081,-1,773	497	32865	03081.jpg
128.58203125	0.0	stim_train,7564,-1,774	498	32917	07564.jpg
128.78515625	0.0	stim_train,8327,-1,775	499	32969	08327.jpg
128.97265625	0.0	stim_train,12087,-1,776	500	33017	12087.jpg
129.17578125	0.0	stim_train,6781,-1,777	501	33069	06781.jpg
129.37890625	0.0	stim_train,15316,-1,778	502	33121	15316.jpg
129.58203125	0.0	stim_train,4406,-1,779	503	33173	04406.jpg
130.62109375	0.0	behav,3,-1,780	504	33439	n/a
130.97265625	0.0	stim_train,16146,-1,781	505	33529	16146.jpg
131.16015625	0.0	stim_train,8626,-1,782	506	33577	08626.jpg
131.36328125	0.0	stim_train,8060,-1,783	507	33629	08060.jpg
131.56640625	0.0	stim_train,12316,-1,784	508	33681	12316.jpg
131.76953125	0.0	stim_train,7033,-1,785	509	33733	07033.jpg
131.97265625	0.0	stim_train,2549,-1,786	510	33785	02549.jpg
132.16015625	0.0	stim_train,14890,-1,787	511	33833	14890.jpg
132.36328125	0.0	stim_train,6131,-1,788	512	33885	06131.jpg
132.56640625	0.0	stim_train,14659,-1,789	513	33937	14659.jpg
132.76953125	0.0	stim_train,15734,-1,790	514	33989	15734.jpg
132.97265625	0.0	stim_train,13137,-1,791	515	34041	13137.jpg
133.16015625	0.0	stim_train,8940,-1,792	516	34089	08940.jpg
133.36328125	0.0	stim_train,4126,-1,793	517	34141	04126.jpg
133.56640625	0.0	stim_train,13327,-1,794	518	34193	13327.jpg
133.76953125	0.0	stim_train,662,-1,795	519	34245	00662.jpg
133.97265625	0.0	stim_train,1615,-1,796	520	34297	01615.jpg
134.17578125	0.0	stim_train,9976,-1,797	521	34349	09976.jpg
134.36328125	0.0	stim_train,7357,-1,798	522	34397	07357.jpg
134.56640625	0.0	stim_train,13729,-1,799	523	34449	13729.jpg
134.76953125	0.0	stim_train,3894,-1,800	524	34501	03894.jpg
135.828125	0.0	behav,3,-1,801	525	34772	n/a
136.20703125	0.0	stim_train,6092,-1,802	526	34869	06092.jpg
136.41015625	0.0	stim_train,6519,-1,803	527	34921	06519.jpg
136.59765625	0.0	stim_train,6168,-1,804	528	34969	06168.jpg
136.80078125	0.0	stim_train,10435,-1,805	529	35021	10435.jpg
137.00390625	0.0	stim_train,7133,-1,806	530	35073	07133.jpg
137.20703125	0.0	stim_train,13562,-1,807	531	35125	13562.jpg
137.41015625	0.0	stim_train,7865,-1,808	532	35177	07865.jpg
137.61328125	0.0	stim_train,8962,-1,809	533	35229	08962.jpg
137.80078125	0.0	stim_train,5373,-1,810	534	35277	05373.jpg
138.00390625	0.0	stim_train,14558,-1,811	535	35329	14558.jpg
138.20703125	0.0	stim_train,14676,-1,812	536	35381	14676.jpg
138.41015625	0.0	stim_train,7693,-1,813	537	35433	07693.jpg
138.61328125	0.0	stim_train,5938,-1,814	538	35485	05938.jpg
138.80078125	0.0	stim_train,7819,-1,815	539	35533	07819.jpg
139.00390625	0.0	stim_train,9296,-1,816	540	35585	09296.jpg
139.20703125	0.0	stim_train,5531,-1,817	541	35637	05531.jpg
139.41015625	0.0	stim_train,11997,-1,818	542	35689	11997.jpg
139.61328125	0.0	stim_train,13095,-1,819	543	35741	13095.jpg
139.80078125	0.0	stim_train,1496,-1,820	544	35789	01496.jpg
140.00390625	0.0	stim_train,2169,-1,821	545	35841	02169.jpg
141.1796875	0.0	behav,3,-1,822	546	36142	n/a
141.53515625	0.0	stim_train,6989,-1,823	547	36233	06989.jpg
141.73828125	0.0	stim_train,661,-1,824	548	36285	00661.jpg
141.94140625	0.0	stim_train,12810,-1,825	549	36337	12810.jpg
142.14453125	0.0	stim_train,9695,-1,826	550	36389	09695.jpg
142.34765625	0.0	stim_train,7022,-1,827	551	36441	07022.jpg
142.53125	0.0	stim_train,5555,-1,828	552	36488	05555.jpg
142.734375	0.0	stim_train,15024,-1,829	553	36540	15024.jpg
142.9375	0.0	stim_train,2914,-1,830	554	36592	02914.jpg
143.140625	0.0	stim_train,1995,-1,831	555	36644	01995.jpg
143.34375	0.0	stim_train,8924,-1,832	556	36696	08924.jpg
143.546875	0.0	stim_train,6993,-1,833	557	36748	06993.jpg
143.734375	0.0	stim_train,10669,-1,834	558	36796	10669.jpg
143.9375	0.0	stim_train,7701,-1,835	559	36848	07701.jpg
144.140625	0.0	stim_train,3377,-1,836	560	36900	03377.jpg
144.34375	0.0	stim_train,5483,-1,837	561	36952	05483.jpg
144.546875	0.0	stim_train,7117,-1,838	562	37004	07117.jpg
144.75	0.0	stim_train,9169,-1,839	563	37056	09169.jpg
144.9375	0.0	stim_train,5040,-1,840	564	37104	05040.jpg
145.140625	0.0	stim_train,6625,-1,841	565	37156	06625.jpg
145.34375	0.0	stim_train,9867,-1,842	566	37208	09867.jpg
146.5078125	0.0	behav,3,-1,843	567	37506	n/a
146.875	0.0	stim_train,14884,-1,844	568	37600	14884.jpg
147.078125	0.0	stim_train,2427,-1,845	569	37652	02427.jpg
147.28125	0.0	stim_train,5092,-1,846	570	37704	05092.jpg
147.484375	0.0	stim_train,10104,-1,847	571	37756	10104.jpg
147.671875	0.0	stim_train,2425,-1,848	572	37804	02425.jpg
147.875	0.0	stim_train,16032,-1,849	573	37856	16032.jpg
148.078125	0.0	stim_train,12851,-1,850	574	37908	12851.jpg
148.28125	0.0	stim_train,5864,-1,851	575	37960	05864.jpg
148.484375	0.0	stim_train,13075,-1,852	576	38012	13075.jpg
148.671875	0.0	stim_train,14802,-1,853	577	38060	14802.jpg
148.875	0.0	stim_train,3784,-1,854	578	38112	03784.jpg
149.078125	0.0	stim_train,3467,-1,855	579	38164	03467.jpg
149.28125	0.0	stim_train,11563,-1,856	580	38216	11563.jpg
149.484375	0.0	stim_train,1660,-1,857	581	38268	01660.jpg
149.6875	0.0	stim_train,14001,-1,858	582	38320	14001.jpg
149.875	0.0	stim_train,14896,-1,859	583	38368	14896.jpg
150.078125	0.0	stim_train,13288,-1,860	584	38420	13288.jpg
150.28125	0.0	stim_train,3398,-1,861	585	38472	03398.jpg
150.484375	0.0	stim_train,10743,-1,862	586	38524	10743.jpg
150.6875	0.0	stim_train,8587,-1,863	587	38576	08587.jpg
152.30859375	0.0	behav,3,-1,864	588	38991	n/a
152.671875	0.0	stim_train,11289,-1,865	589	39084	11289.jpg
152.875	0.0	stim_train,134,-1,866	590	39136	00134.jpg
153.0625	0.0	stim_train,6201,-1,867	591	39184	06201.jpg
153.265625	0.0	stim_train,10160,-1,868	592	39236	10160.jpg
153.46875	0.0	stim_train,8074,-1,869	593	39288	08074.jpg
153.671875	0.0	stim_train,1413,-1,870	594	39340	01413.jpg
153.875	0.0	stim_train,11992,-1,871	595	39392	11992.jpg
154.0625	0.0	stim_train,8666,-1,872	596	39440	08666.jpg
154.265625	0.0	stim_train,659,-1,873	597	39492	00659.jpg
154.46875	0.0	stim_train,4247,-1,874	598	39544	04247.jpg
154.671875	0.0	stim_train,3051,-1,875	599	39596	03051.jpg
154.875	0.0	stim_train,8300,-1,876	600	39648	08300.jpg
155.0625	0.0	stim_train,13696,-1,877	601	39696	13696.jpg
155.265625	0.0	stim_train,14733,-1,878	602	39748	14733.jpg
155.46875	0.0	stim_train,6142,-1,879	603	39800	06142.jpg
155.671875	0.0	stim_train,12473,-1,880	604	39852	12473.jpg
155.875	0.0	stim_train,15709,-1,881	605	39904	15709.jpg
156.078125	0.0	oddball,16748,-1,882	606	39956	16748.jpg
156.265625	0.0	stim_train,1776,-1,883	607	40004	01776.jpg
156.46875	0.0	stim_train,3688,-1,884	608	40056	03688.jpg
157.64453125	0.0	behav,0,-1,885	609	40357	n/a
157.984375	0.0	stim_train,12342,-1,886	610	40444	12342.jpg
158.1875	0.0	stim_train,1934,-1,887	611	40496	01934.jpg
158.390625	0.0	stim_train,13492,-1,888	612	40548	13492.jpg
158.59375	0.0	stim_train,5735,-1,889	613	40600	05735.jpg
158.796875	0.0	stim_train,5604,-1,890	614	40652	05604.jpg
158.984375	0.0	stim_train,12797,-1,891	615	40700	12797.jpg
159.1875	0.0	stim_train,11895,-1,892	616	40752	11895.jpg
159.390625	0.0	stim_train,613,-1,893	617	40804	00613.jpg
159.59375	0.0	stim_train,11012,-1,894	618	40856	11012.jpg
159.796875	0.0	stim_train,1523,-1,895	619	40908	01523.jpg
159.984375	0.0	stim_train,7512,-1,896	620	40956	07512.jpg
160.1875	0.0	stim_train,9660,-1,897	621	41008	09660.jpg
160.390625	0.0	stim_train,6883,-1,898	622	41060	06883.jpg
160.59375	0.0	stim_train,9906,-1,899	623	41112	09906.jpg
160.796875	0.0	stim_train,6876,-1,900	624	41164	06876.jpg
161.0	0.0	stim_train,5975,-1,901	625	41216	05975.jpg
161.1875	0.0	stim_train,10838,-1,902	626	41264	10838.jpg
161.390625	0.0	stim_train,2317,-1,903	627	41316	02317.jpg
161.59375	0.0	stim_train,2954,-1,904	628	41368	02954.jpg
161.796875	0.0	stim_train,7072,-1,905	629	41420	07072.jpg
163.01953125	0.0	behav,3,-1,906	630	41733	n/a
163.375	0.0	stim_train,762,-1,907	631	41824	00762.jpg
163.578125	0.0	stim_train,776,-1,908	632	41876	00776.jpg
163.78125	0.0	stim_train,4169,-1,909	633	41928	04169.jpg
163.984375	0.0	stim_train,11638,-1,910	634	41980	11638.jpg
164.171875	0.0	stim_train,10493,-1,911	635	42028	10493.jpg
164.375	0.0	stim_train,627,-1,912	636	42080	00627.jpg
164.578125	0.0	stim_train,2571,-1,913	637	42132	02571.jpg
164.78125	0.0	stim_train,15331,-1,914	638	42184	15331.jpg
164.984375	0.0	stim_train,139,-1,915	639	42236	00139.jpg
165.1875	0.0	stim_train,9823,-1,916	640	42288	09823.jpg
165.375	0.0	stim_train,7261,-1,917	641	42336	07261.jpg
165.578125	0.0	stim_train,6480,-1,918	642	42388	06480.jpg
165.78125	0.0	stim_train,121,-1,919	643	42440	00121.jpg
165.984375	0.0	stim_train,9724,-1,920	644	42492	09724.jpg
166.1875	0.0	stim_train,8092,-1,921	645	42544	08092.jpg
166.375	0.0	stim_train,7813,-1,922	646	42592	07813.jpg
166.578125	0.0	stim_train,3538,-1,923	647	42644	03538.jpg
166.78125	0.0	stim_train,3031,-1,924	648	42696	03031.jpg
166.984375	0.0	stim_train,5240,-1,925	649	42748	05240.jpg
167.1875	0.0	stim_train,6078,-1,926	650	42800	06078.jpg
168.39453125	0.0	behav,3,-1,927	651	43109	n/a
168.76953125	0.0	stim_train,4923,-1,928	652	43205	04923.jpg
168.97265625	0.0	stim_train,9157,-1,929	653	43257	09157.jpg
169.17578125	0.0	stim_train,15523,-1,930	654	43309	15523.jpg
169.37890625	0.0	stim_train,15567,-1,931	655	43361	15567.jpg
169.5625	0.0	stim_train,10755,-1,932	656	43408	10755.jpg
169.76953125	0.0	stim_train,4996,-1,933	657	43461	04996.jpg
169.97265625	0.0	stim_train,10086,-1,934	658	43513	10086.jpg
170.17578125	0.0	stim_train,7754,-1,935	659	43565	07754.jpg
170.37890625	0.0	stim_train,6514,-1,936	660	43617	06514.jpg
170.5625	0.0	stim_train,2725,-1,937	661	43664	02725.jpg
170.76953125	0.0	stim_train,15449,-1,938	662	43717	15449.jpg
170.97265625	0.0	stim_train,8249,-1,939	663	43769	08249.jpg
171.17578125	0.0	stim_train,7998,-1,940	664	43821	07998.jpg
171.37890625	0.0	stim_train,10927,-1,941	665	43873	10927.jpg
171.58203125	0.0	stim_train,4440,-1,942	666	43925	04440.jpg
171.76953125	0.0	stim_train,7151,-1,943	667	43973	07151.jpg
171.97265625	0.0	stim_train,12807,-1,944	668	44025	12807.jpg
172.17578125	0.0	stim_train,13414,-1,945	669	44077	13414.jpg
172.37890625	0.0	stim_train,13516,-1,946	670	44129	13516.jpg
172.5625	0.0	stim_train,11637,-1,947	671	44176	11637.jpg
173.71484375	0.0	behav,3,-1,948	672	44471	n/a
174.08203125	0.0	stim_train,10595,-1,949	673	44565	10595.jpg
174.26953125	0.0	stim_train,480,-1,950	674	44613	00480.jpg
174.47265625	0.0	stim_train,16207,-1,951	675	44665	16207.jpg
174.67578125	0.0	stim_train,13419,-1,952	676	44717	13419.jpg
174.87890625	0.0	stim_train,4959,-1,953	677	44769	04959.jpg
175.08203125	0.0	stim_train,1850,-1,954	678	44821	01850.jpg
175.26953125	0.0	stim_train,474,-1,955	679	44869	00474.jpg
175.47265625	0.0	stim_train,13319,-1,956	680	44921	13319.jpg
175.67578125	0.0	stim_train,4177,-1,957	681	44973	04177.jpg
175.87890625	0.0	stim_train,14203,-1,958	682	45025	14203.jpg
176.08203125	0.0	stim_train,11611,-1,959	683	45077	11611.jpg
176.28515625	0.0	stim_train,5832,-1,960	684	45129	05832.jpg
176.47265625	0.0	stim_train,5791,-1,961	685	45177	05791.jpg
176.67578125	0.0	stim_train,4288,-1,962	686	45229	04288.jpg
176.87890625	0.0	stim_train,4926,-1,963	687	45281	04926.jpg
177.08203125	0.0	stim_train,2996,-1,964	688	45333	02996.jpg
177.28515625	0.0	stim_train,1063,-1,965	689	45385	01063.jpg
177.47265625	0.0	stim_train,14901,-1,966	690	45433	14901.jpg
177.67578125	0.0	stim_train,5984,-1,967	691	45485	05984.jpg
177.87890625	0.0	stim_train,15154,-1,968	692	45537	15154.jpg
179.046875	0.0	behav,3,-1,969	693	45836	n/a
179.41015625	0.0	stim_train,15223,-1,970	694	45929	15223.jpg
179.61328125	0.0	stim_train,241,-1,971	695	45981	00241.jpg
179.81640625	0.0	stim_train,3229,-1,972	696	46033	03229.jpg
180.01953125	0.0	stim_train,889,-1,973	697	46085	00889.jpg
180.22265625	0.0	stim_train,6522,-1,974	698	46137	06522.jpg
180.41015625	0.0	stim_train,14446,-1,975	699	46185	14446.jpg
180.61328125	0.0	stim_train,1670,-1,976	700	46237	01670.jpg
180.81640625	0.0	stim_train,10585,-1,977	701	46289	10585.jpg
181.01953125	0.0	stim_train,5963,-1,978	702	46341	05963.jpg
181.22265625	0.0	stim_train,15206,-1,979	703	46393	15206.jpg
181.41015625	0.0	stim_train,4685,-1,980	704	46441	04685.jpg
181.61328125	0.0	stim_train,5099,-1,981	705	46493	05099.jpg
181.81640625	0.0	stim_train,3080,-1,982	706	46545	03080.jpg
182.01953125	0.0	stim_train,14782,-1,983	707	46597	14782.jpg
182.22265625	0.0	stim_train,12512,-1,984	708	46649	12512.jpg
182.42578125	0.0	stim_train,2759,-1,985	709	46701	02759.jpg
182.61328125	0.0	stim_train,2971,-1,986	710	46749	02971.jpg
182.81640625	0.0	stim_train,5614,-1,987	711	46801	05614.jpg
183.01953125	0.0	oddball,16741,-1,988	712	46853	16741.jpg
183.22265625	0.0	stim_train,3228,-1,989	713	46905	03228.jpg
184.4140625	0.0	behav,0,-1,990	714	47210	n/a
184.78515625	0.0	stim_train,819,-1,991	715	47305	00819.jpg
184.98828125	0.0	stim_train,16131,-1,992	716	47357	16131.jpg
185.19140625	0.0	stim_train,9925,-1,993	717	47409	09925.jpg
185.39453125	0.0	stim_train,11505,-1,994	718	47461	11505.jpg
185.58203125	0.0	stim_train,12575,-1,995	719	47509	12575.jpg
185.78515625	0.0	stim_train,5645,-1,996	720	47561	05645.jpg
185.98828125	0.0	stim_train,8551,-1,997	721	47613	08551.jpg
186.19140625	0.0	stim_train,3869,-1,998	722	47665	03869.jpg
186.39453125	0.0	stim_train,11978,-1,999	723	47717	11978.jpg
186.58203125	0.0	stim_train,9447,-1,1000	724	47765	09447.jpg
186.78515625	0.0	stim_train,9159,-1,1001	725	47817	09159.jpg
186.98828125	0.0	stim_train,1080,-1,1002	726	47869	01080.jpg
187.19140625	0.0	stim_train,13092,-1,1003	727	47921	13092.jpg
187.39453125	0.0	stim_train,11679,-1,1004	728	47973	11679.jpg
187.59765625	0.0	stim_train,7238,-1,1005	729	48025	07238.jpg
187.78515625	0.0	stim_train,8825,-1,1006	730	48073	08825.jpg
187.98828125	0.0	stim_train,14747,-1,1007	731	48125	14747.jpg
188.19140625	0.0	stim_train,1428,-1,1008	732	48177	01428.jpg
188.39453125	0.0	stim_train,4317,-1,1009	733	48229	04317.jpg
188.59765625	0.0	stim_train,11160,-1,1010	734	48281	11160.jpg
189.7734375	0.0	behav,3,-1,1011	735	48582	n/a
190.14453125	0.0	stim_train,11225,-1,1012	736	48677	11225.jpg
190.34765625	0.0	stim_train,13189,-1,1013	737	48729	13189.jpg
190.55078125	0.0	stim_train,14851,-1,1014	738	48781	14851.jpg
190.73828125	0.0	stim_train,7374,-1,1015	739	48829	07374.jpg
190.94140625	0.0	stim_train,11326,-1,1016	740	48881	11326.jpg
191.14453125	0.0	stim_train,14314,-1,1017	741	48933	14314.jpg
191.34765625	0.0	stim_train,6746,-1,1018	742	48985	06746.jpg
191.55078125	0.0	stim_train,14801,-1,1019	743	49037	14801.jpg
191.73828125	0.0	stim_train,499,-1,1020	744	49085	00499.jpg
191.94140625	0.0	stim_train,10641,-1,1021	745	49137	10641.jpg
192.14453125	0.0	stim_train,8862,-1,1022	746	49189	08862.jpg
192.34765625	0.0	stim_train,6473,-1,1023	747	49241	06473.jpg
192.55078125	0.0	stim_train,16310,-1,1024	748	49293	16310.jpg
192.73828125	0.0	stim_train,1185,-1,1025	749	49341	01185.jpg
192.94140625	0.0	stim_train,12627,-1,1026	750	49393	12627.jpg
193.14453125	0.0	stim_train,11662,-1,1027	751	49445	11662.jpg
193.34765625	0.0	stim_train,2406,-1,1028	752	49497	02406.jpg
193.55078125	0.0	stim_train,12303,-1,1029	753	49549	12303.jpg
193.75390625	0.0	stim_train,8989,-1,1030	754	49601	08989.jpg
193.94140625	0.0	stim_train,4194,-1,1031	755	49649	04194.jpg
195.19140625	0.0	behav,3,-1,1032	756	49969	n/a
195.56640625	0.0	stim_train,14580,-1,1033	757	50065	14580.jpg
195.76953125	0.0	stim_train,8996,-1,1034	758	50117	08996.jpg
195.97265625	0.0	stim_train,2490,-1,1035	759	50169	02490.jpg
196.16015625	0.0	stim_train,14043,-1,1036	760	50217	14043.jpg
196.36328125	0.0	stim_train,10828,-1,1037	761	50269	10828.jpg
196.56640625	0.0	stim_train,4213,-1,1038	762	50321	04213.jpg
196.76953125	0.0	stim_train,11398,-1,1039	763	50373	11398.jpg
196.97265625	0.0	stim_train,9117,-1,1040	764	50425	09117.jpg
197.16015625	0.0	stim_train,7173,-1,1041	765	50473	07173.jpg
197.36328125	0.0	stim_train,1810,-1,1042	766	50525	01810.jpg
197.56640625	0.0	stim_train,13050,-1,1043	767	50577	13050.jpg
197.76953125	0.0	stim_train,10295,-1,1044	768	50629	10295.jpg
197.97265625	0.0	stim_train,2928,-1,1045	769	50681	02928.jpg
198.16015625	0.0	stim_train,2065,-1,1046	770	50729	02065.jpg
198.36328125	0.0	stim_train,8159,-1,1047	771	50781	08159.jpg
198.56640625	0.0	stim_train,7607,-1,1048	772	50833	07607.jpg
198.76953125	0.0	stim_train,2952,-1,1049	773	50885	02952.jpg
198.97265625	0.0	stim_train,7360,-1,1050	774	50937	07360.jpg
199.17578125	0.0	stim_train,7611,-1,1051	775	50989	07611.jpg
199.359375	0.0	stim_train,16339,-1,1052	776	51036	16339.jpg
200.546875	0.0	behav,3,-1,1053	777	51340	n/a
200.90625	0.0	stim_train,5860,-1,1054	778	51432	05860.jpg
201.09375	0.0	stim_train,10923,-1,1055	779	51480	10923.jpg
201.296875	0.0	stim_train,3767,-1,1056	780	51532	03767.jpg
201.5	0.0	stim_train,11877,-1,1057	781	51584	11877.jpg
201.703125	0.0	stim_train,16414,-1,1058	782	51636	16414.jpg
201.90625	0.0	stim_train,4231,-1,1059	783	51688	04231.jpg
202.09375	0.0	stim_train,1307,-1,1060	784	51736	01307.jpg
202.296875	0.0	stim_train,6602,-1,1061	785	51788	06602.jpg
202.5	0.0	stim_train,9469,-1,1062	786	51840	09469.jpg
202.703125	0.0	stim_train,9529,-1,1063	787	51892	09529.jpg
202.90625	0.0	stim_train,5374,-1,1064	788	51944	05374.jpg
203.09375	0.0	stim_train,15589,-1,1065	789	51992	15589.jpg
203.296875	0.0	stim_train,6125,-1,1066	790	52044	06125.jpg
203.5	0.0	stim_train,512,-1,1067	791	52096	00512.jpg
203.703125	0.0	stim_train,491,-1,1068	792	52148	00491.jpg
203.90625	0.0	stim_train,525,-1,1069	793	52200	00525.jpg
204.109375	0.0	stim_train,5251,-1,1070	794	52252	05251.jpg
204.296875	0.0	stim_train,8144,-1,1071	795	52300	08144.jpg
204.5	0.0	stim_train,16477,-1,1072	796	52352	16477.jpg
204.703125	0.0	stim_train,7833,-1,1073	797	52404	07833.jpg
205.84375	0.0	behav,3,-1,1074	798	52696	n/a
206.203125	0.0	stim_train,15933,-1,1075	799	52788	15933.jpg
206.40625	0.0	stim_train,5777,-1,1076	800	52840	05777.jpg
206.609375	0.0	stim_train,3860,-1,1077	801	52892	03860.jpg
206.8125	0.0	stim_train,12187,-1,1078	802	52944	12187.jpg
207.0	0.0	stim_train,14254,-1,1079	803	52992	14254.jpg
207.203125	0.0	stim_train,4726,-1,1080	804	53044	04726.jpg
207.40625	0.0	stim_train,15886,-1,1081	805	53096	15886.jpg
207.609375	0.0	stim_train,12255,-1,1082	806	53148	12255.jpg
207.8125	0.0	stim_train,15340,-1,1083	807	53200	15340.jpg
208.0	0.0	stim_train,11946,-1,1084	808	53248	11946.jpg
208.203125	0.0	stim_train,3670,-1,1085	809	53300	03670.jpg
208.40625	0.0	stim_train,8405,-1,1086	810	53352	08405.jpg
208.609375	0.0	stim_train,1338,-1,1087	811	53404	01338.jpg
208.8125	0.0	stim_train,16350,-1,1088	812	53456	16350.jpg
209.015625	0.0	stim_train,12188,-1,1089	813	53508	12188.jpg
209.203125	0.0	stim_train,446,-1,1090	814	53556	00446.jpg
209.40625	0.0	stim_train,16240,-1,1091	815	53608	16240.jpg
209.609375	0.0	stim_train,7700,-1,1092	816	53660	07700.jpg
209.8125	0.0	stim_train,3000,-1,1093	817	53712	03000.jpg
210.015625	0.0	stim_train,10195,-1,1094	818	53764	10195.jpg
211.27734375	0.0	behav,3,-1,1095	819	54087	n/a
211.640625	0.0	stim_train,15211,-1,1096	820	54180	15211.jpg
211.84375	0.0	stim_train,3598,-1,1097	821	54232	03598.jpg
212.046875	0.0	stim_train,15664,-1,1098	822	54284	15664.jpg
212.25	0.0	stim_train,4561,-1,1099	823	54336	04561.jpg
212.4375	0.0	stim_train,14541,-1,1100	824	54384	14541.jpg
212.640625	0.0	stim_train,12111,-1,1101	825	54436	12111.jpg
212.84375	0.0	stim_train,16510,-1,1102	826	54488	16510.jpg
213.046875	0.0	stim_train,13679,-1,1103	827	54540	13679.jpg
213.25	0.0	stim_train,13769,-1,1104	828	54592	13769.jpg
213.453125	0.0	stim_train,14428,-1,1105	829	54644	14428.jpg
213.640625	0.0	stim_train,16316,-1,1106	830	54692	16316.jpg
213.84375	0.0	stim_train,9639,-1,1107	831	54744	09639.jpg
214.046875	0.0	stim_train,12302,-1,1108	832	54796	12302.jpg
214.25	0.0	stim_train,7866,-1,1109	833	54848	07866.jpg
214.453125	0.0	stim_train,5046,-1,1110	834	54900	05046.jpg
214.640625	0.0	stim_train,4993,-1,1111	835	54948	04993.jpg
214.84375	0.0	stim_train,16432,-1,1112	836	55000	16432.jpg
215.046875	0.0	stim_train,2546,-1,1113	837	55052	02546.jpg
215.25	0.0	stim_train,12613,-1,1114	838	55104	12613.jpg
215.453125	0.0	stim_train,2300,-1,1115	839	55156	02300.jpg
216.7265625	0.0	behav,3,-1,1116	840	55482	n/a
217.078125	0.0	stim_train,16524,-1,1117	841	55572	16524.jpg
217.28125	0.0	stim_train,10633,-1,1118	842	55624	10633.jpg
217.484375	0.0	stim_train,11905,-1,1119	843	55676	11905.jpg
217.6875	0.0	stim_train,13170,-1,1120	844	55728	13170.jpg
217.890625	0.0	stim_train,12704,-1,1121	845	55780	12704.jpg
218.078125	0.0	stim_train,2069,-1,1122	846	55828	02069.jpg
218.28125	0.0	stim_train,772,-1,1123	847	55880	00772.jpg
218.484375	0.0	stim_train,8019,-1,1124	848	55932	08019.jpg
218.6875	0.0	stim_train,3561,-1,1125	849	55984	03561.jpg
218.890625	0.0	stim_train,11632,-1,1126	850	56036	11632.jpg
219.078125	0.0	stim_train,6481,-1,1127	851	56084	06481.jpg
219.28125	0.0	stim_train,443,-1,1128	852	56136	00443.jpg
219.484375	0.0	stim_train,484,-1,1129	853	56188	00484.jpg
219.6875	0.0	stim_train,2111,-1,1130	854	56240	02111.jpg
219.890625	0.0	stim_train,11006,-1,1131	855	56292	11006.jpg
220.09375	0.0	stim_train,1015,-1,1132	856	56344	01015.jpg
220.28125	0.0	stim_train,13,-1,1133	857	56392	00013.jpg
220.484375	0.0	stim_train,7559,-1,1134	858	56444	07559.jpg
220.6875	0.0	stim_train,1785,-1,1135	859	56496	01785.jpg
220.89453125	0.0	stim_train,3850,-1,1136	860	56549	03850.jpg
222.390625	0.0	behav,3,-1,1137	861	56932	n/a
222.75	0.0	stim_train,10932,-1,1138	862	57024	10932.jpg
222.953125	0.0	stim_train,7855,-1,1139	863	57076	07855.jpg
223.15625	0.0	stim_train,9999,-1,1140	864	57128	09999.jpg
223.359375	0.0	stim_train,11748,-1,1141	865	57180	11748.jpg
223.5625	0.0	stim_train,16250,-1,1142	866	57232	16250.jpg
223.75	0.0	stim_train,5514,-1,1143	867	57280	05514.jpg
223.953125	0.0	stim_train,11024,-1,1144	868	57332	11024.jpg
224.15625	0.0	stim_train,15694,-1,1145	869	57384	15694.jpg
224.359375	0.0	stim_train,14879,-1,1146	870	57436	14879.jpg
224.5625	0.0	stim_train,5872,-1,1147	871	57488	05872.jpg
224.75	0.0	stim_train,12683,-1,1148	872	57536	12683.jpg
224.953125	0.0	stim_train,4357,-1,1149	873	57588	04357.jpg
225.15625	0.0	stim_train,11581,-1,1150	874	57640	11581.jpg
225.359375	0.0	stim_train,13892,-1,1151	875	57692	13892.jpg
225.5625	0.0	stim_train,12325,-1,1152	876	57744	12325.jpg
225.76953125	0.0	stim_train,1783,-1,1153	877	57797	01783.jpg
225.953125	0.0	stim_train,3454,-1,1154	878	57844	03454.jpg
226.15625	0.0	stim_train,6960,-1,1155	879	57896	06960.jpg
226.359375	0.0	stim_train,12626,-1,1156	880	57948	12626.jpg
226.5625	0.0	stim_train,5596,-1,1157	881	58000	05596.jpg
227.84765625	0.0	behav,3,-1,1158	882	58329	n/a
228.1875	0.0	stim_train,99,-1,1159	883	58416	00099.jpg
228.39453125	0.0	stim_train,11368,-1,1160	884	58469	11368.jpg
228.59765625	0.0	stim_train,13275,-1,1161	885	58521	13275.jpg
228.80078125	0.0	stim_train,1152,-1,1162	886	58573	01152.jpg
229.00390625	0.0	stim_train,4589,-1,1163	887	58625	04589.jpg
229.20703125	0.0	stim_train,3963,-1,1164	888	58677	03963.jpg
229.39453125	0.0	stim_train,2455,-1,1165	889	58725	02455.jpg
229.59765625	0.0	stim_train,16519,-1,1166	890	58777	16519.jpg
229.80078125	0.0	stim_train,16044,-1,1167	891	58829	16044.jpg
230.00390625	0.0	stim_train,5856,-1,1168	892	58881	05856.jpg
230.20703125	0.0	stim_train,3787,-1,1169	893	58933	03787.jpg
230.39453125	0.0	stim_train,14625,-1,1170	894	58981	14625.jpg
230.59765625	0.0	stim_train,5472,-1,1171	895	59033	05472.jpg
230.80078125	0.0	stim_train,10556,-1,1172	896	59085	10556.jpg
231.00390625	0.0	stim_train,2841,-1,1173	897	59137	02841.jpg
231.20703125	0.0	stim_train,15797,-1,1174	898	59189	15797.jpg
231.39453125	0.0	stim_train,6075,-1,1175	899	59237	06075.jpg
231.59765625	0.0	stim_train,2387,-1,1176	900	59289	02387.jpg
231.80078125	0.0	stim_train,16420,-1,101	901	59341	16420.jpg
232.00390625	0.0	stim_train,2204,-1,102	902	59393	02204.jpg
233.16796875	0.0	behav,3,-1,103	903	59691	n/a
233.53515625	0.0	stim_train,9637,-1,104	904	59785	09637.jpg
233.73828125	0.0	stim_train,712,-1,105	905	59837	00712.jpg
233.94140625	0.0	stim_train,3451,-1,106	906	59889	03451.jpg
234.14453125	0.0	stim_train,14432,-1,107	907	59941	14432.jpg
234.33203125	0.0	stim_train,12620,-1,108	908	59989	12620.jpg
234.53515625	0.0	stim_train,14376,-1,109	909	60041	14376.jpg
234.73828125	0.0	stim_train,14135,-1,110	910	60093	14135.jpg
234.94140625	0.0	stim_train,13352,-1,111	911	60145	13352.jpg
235.14453125	0.0	stim_train,14321,-1,112	912	60197	14321.jpg
235.33203125	0.0	stim_train,14991,-1,113	913	60245	14991.jpg
235.53515625	0.0	stim_train,8318,-1,114	914	60297	08318.jpg
235.73828125	0.0	stim_train,3271,-1,115	915	60349	03271.jpg
235.94140625	0.0	stim_train,9960,-1,116	916	60401	09960.jpg
236.14453125	0.0	stim_train,127,-1,117	917	60453	00127.jpg
236.34765625	0.0	stim_train,12774,-1,118	918	60505	12774.jpg
236.53515625	0.0	stim_train,13402,-1,119	919	60553	13402.jpg
236.73828125	0.0	stim_train,3859,-1,120	920	60605	03859.jpg
236.94140625	0.0	stim_train,3645,-1,121	921	60657	03645.jpg
237.14453125	0.0	stim_train,7178,-1,122	922	60709	07178.jpg
237.34765625	0.0	stim_train,1569,-1,123	923	60761	01569.jpg
238.48046875	0.0	behav,3,-1,124	924	61051	n/a
238.83203125	0.0	stim_train,7675,-1,125	925	61141	07675.jpg
239.01953125	0.0	stim_train,16375,-1,126	926	61189	16375.jpg
239.22265625	0.0	stim_train,610,-1,127	927	61241	00610.jpg
239.42578125	0.0	stim_train,11976,-1,128	928	61293	11976.jpg
239.62890625	0.0	stim_train,5663,-1,129	929	61345	05663.jpg
239.83203125	0.0	stim_train,11312,-1,130	930	61397	11312.jpg
240.01953125	0.0	stim_train,3384,-1,131	931	61445	03384.jpg
240.22265625	0.0	stim_train,5674,-1,132	932	61497	05674.jpg
240.42578125	0.0	stim_train,7997,-1,133	933	61549	07997.jpg
240.62890625	0.0	stim_train,7823,-1,134	934	61601	07823.jpg
240.83203125	0.0	stim_train,948,-1,135	935	61653	00948.jpg
241.03515625	0.0	stim_train,1858,-1,136	936	61705	01858.jpg
241.22265625	0.0	stim_train,3564,-1,137	937	61753	03564.jpg
241.42578125	0.0	stim_train,11982,-1,138	938	61805	11982.jpg
241.62890625	0.0	stim_train,13615,-1,139	939	61857	13615.jpg
241.83203125	0.0	stim_train,4656,-1,140	940	61909	04656.jpg
242.03515625	0.0	stim_train,15741,-1,141	941	61961	15741.jpg
242.22265625	0.0	stim_train,13849,-1,142	942	62009	13849.jpg
242.42578125	0.0	stim_train,13405,-1,143	943	62061	13405.jpg
242.62890625	0.0	stim_train,13018,-1,144	944	62113	13018.jpg
243.82421875	0.0	behav,3,-1,145	945	62419	n/a
244.19140625	0.0	stim_train,13725,-1,146	946	62513	13725.jpg
244.39453125	0.0	stim_train,3937,-1,147	947	62565	03937.jpg
244.59765625	0.0	stim_train,3796,-1,148	948	62617	03796.jpg
244.80078125	0.0	stim_train,6715,-1,149	949	62669	06715.jpg
245.00390625	0.0	stim_train,10288,-1,150	950	62721	10288.jpg
245.19140625	0.0	stim_train,14257,-1,151	951	62769	14257.jpg
245.39453125	0.0	stim_train,8752,-1,152	952	62821	08752.jpg
245.59765625	0.0	stim_train,11649,-1,153	953	62873	11649.jpg
245.80078125	0.0	stim_train,4255,-1,154	954	62925	04255.jpg
246.00390625	0.0	stim_train,5584,-1,155	955	62977	05584.jpg
246.20703125	0.0	stim_train,16157,-1,156	956	63029	16157.jpg
246.39453125	0.0	stim_train,6008,-1,157	957	63077	06008.jpg
246.59765625	0.0	stim_train,9046,-1,158	958	63129	09046.jpg
246.80078125	0.0	stim_train,2991,-1,159	959	63181	02991.jpg
247.00390625	0.0	stim_train,16215,-1,160	960	63233	16215.jpg
247.20703125	0.0	stim_train,992,-1,161	961	63285	00992.jpg
247.39453125	0.0	oddball,16748,-1,162	962	63333	16748.jpg
247.59765625	0.0	stim_train,14847,-1,163	963	63385	14847.jpg
247.80078125	0.0	stim_train,3112,-1,164	964	63437	03112.jpg
248.00390625	0.0	stim_train,8500,-1,165	965	63489	08500.jpg
249.296875	0.0	behav,0,-1,166	966	63820	n/a
249.67578125	0.0	stim_train,9922,-1,167	967	63917	09922.jpg
249.86328125	0.0	stim_train,15249,-1,168	968	63965	15249.jpg
250.06640625	0.0	stim_train,14275,-1,169	969	64017	14275.jpg
250.26953125	0.0	stim_train,16498,-1,170	970	64069	16498.jpg
250.47265625	0.0	stim_train,9739,-1,171	971	64121	09739.jpg
250.67578125	0.0	stim_train,7638,-1,172	972	64173	07638.jpg
250.87890625	0.0	stim_train,12158,-1,173	973	64225	12158.jpg
251.06640625	0.0	stim_train,4267,-1,174	974	64273	04267.jpg
251.26953125	0.0	stim_train,5908,-1,175	975	64325	05908.jpg
251.47265625	0.0	stim_train,2338,-1,176	976	64377	02338.jpg
251.67578125	0.0	stim_train,10422,-1,177	977	64429	10422.jpg
251.87890625	0.0	stim_train,12345,-1,178	978	64481	12345.jpg
252.06640625	0.0	stim_train,13063,-1,179	979	64529	13063.jpg
252.26953125	0.0	stim_train,15347,-1,180	980	64581	15347.jpg
252.47265625	0.0	stim_train,11953,-1,181	981	64633	11953.jpg
252.67578125	0.0	stim_train,9419,-1,182	982	64685	09419.jpg
252.87890625	0.0	stim_train,4938,-1,183	983	64737	04938.jpg
253.06640625	0.0	stim_train,5060,-1,184	984	64785	05060.jpg
253.26953125	0.0	stim_train,11304,-1,185	985	64837	11304.jpg
253.47265625	0.0	stim_train,1979,-1,186	986	64889	01979.jpg
254.72265625	0.0	behav,3,-1,187	987	65209	n/a
255.09765625	0.0	stim_train,11543,-1,188	988	65305	11543.jpg
255.30078125	0.0	stim_train,8709,-1,189	989	65357	08709.jpg
255.48828125	0.0	stim_train,8592,-1,190	990	65405	08592.jpg
255.69140625	0.0	stim_train,6177,-1,191	991	65457	06177.jpg
255.89453125	0.0	stim_train,7960,-1,192	992	65509	07960.jpg
256.09765625	0.0	stim_train,12903,-1,193	993	65561	12903.jpg
256.30078125	0.0	stim_train,10184,-1,194	994	65613	10184.jpg
256.484375	0.0	stim_train,11315,-1,195	995	65660	11315.jpg
256.6875	0.0	stim_train,6554,-1,196	996	65712	06554.jpg
256.890625	0.0	stim_train,4092,-1,197	997	65764	04092.jpg
257.09375	0.0	stim_train,2997,-1,198	998	65816	02997.jpg
257.296875	0.0	stim_train,8758,-1,199	999	65868	08758.jpg
257.484375	0.0	stim_train,14777,-1,200	1000	65916	14777.jpg
257.6875	0.0	stim_train,15955,-1,201	1001	65968	15955.jpg
257.890625	0.0	stim_train,4112,-1,202	1002	66020	04112.jpg
258.09375	0.0	stim_train,15513,-1,203	1003	66072	15513.jpg
258.296875	0.0	stim_train,8335,-1,204	1004	66124	08335.jpg
258.5	0.0	stim_train,10035,-1,205	1005	66176	10035.jpg
258.6875	0.0	stim_train,12094,-1,206	1006	66224	12094.jpg
258.890625	0.0	stim_train,4819,-1,207	1007	66276	04819.jpg
259.98046875	0.0	behav,3,-1,208	1008	66555	n/a
260.34375	0.0	stim_train,1142,-1,209	1009	66648	01142.jpg
260.546875	0.0	stim_train,854,-1,210	1010	66700	00854.jpg
260.75	0.0	stim_train,1192,-1,211	1011	66752	01192.jpg
260.9375	0.0	stim_train,11420,-1,212	1012	66800	11420.jpg
261.140625	0.0	stim_train,9746,-1,213	1013	66852	09746.jpg
261.34375	0.0	stim_train,4987,-1,214	1014	66904	04987.jpg
261.546875	0.0	stim_train,14114,-1,215	1015	66956	14114.jpg
261.75	0.0	stim_train,10438,-1,216	1016	67008	10438.jpg
261.953125	0.0	stim_train,10042,-1,217	1017	67060	10042.jpg
262.140625	0.0	stim_train,8724,-1,218	1018	67108	08724.jpg
262.34375	0.0	stim_train,11064,-1,219	1019	67160	11064.jpg
262.546875	0.0	stim_train,3686,-1,220	1020	67212	03686.jpg
262.75	0.0	stim_train,6059,-1,221	1021	67264	06059.jpg
262.953125	0.0	stim_train,15180,-1,222	1022	67316	15180.jpg
263.140625	0.0	stim_train,10321,-1,223	1023	67364	10321.jpg
263.34375	0.0	stim_train,3709,-1,224	1024	67416	03709.jpg
263.546875	0.0	stim_train,14112,-1,225	1025	67468	14112.jpg
263.75	0.0	stim_train,8540,-1,226	1026	67520	08540.jpg
263.953125	0.0	stim_train,10766,-1,227	1027	67572	10766.jpg
264.140625	0.0	stim_train,1144,-1,228	1028	67620	01144.jpg
265.40625	0.0	behav,3,-1,229	1029	67944	n/a
265.765625	0.0	stim_train,5292,-1,230	1030	68036	05292.jpg
265.96875	0.0	stim_train,4761,-1,231	1031	68088	04761.jpg
266.171875	0.0	stim_train,8090,-1,232	1032	68140	08090.jpg
266.359375	0.0	stim_train,14943,-1,233	1033	68188	14943.jpg
266.5625	0.0	stim_train,431,-1,234	1034	68240	00431.jpg
266.765625	0.0	stim_train,8907,-1,235	1035	68292	08907.jpg
266.96875	0.0	stim_train,12697,-1,236	1036	68344	12697.jpg
267.171875	0.0	stim_train,7013,-1,237	1037	68396	07013.jpg
267.375	0.0	stim_train,5403,-1,238	1038	68448	05403.jpg
267.5625	0.0	stim_train,234,-1,239	1039	68496	00234.jpg
267.765625	0.0	stim_train,829,-1,240	1040	68548	00829.jpg
267.96875	0.0	stim_train,16267,-1,241	1041	68600	16267.jpg
268.171875	0.0	stim_train,11478,-1,242	1042	68652	11478.jpg
268.375	0.0	stim_train,7500,-1,243	1043	68704	07500.jpg
268.5625	0.0	stim_train,5171,-1,244	1044	68752	05171.jpg
268.765625	0.0	stim_train,9779,-1,245	1045	68804	09779.jpg
268.96875	0.0	stim_train,14006,-1,246	1046	68856	14006.jpg
269.171875	0.0	stim_train,4554,-1,247	1047	68908	04554.jpg
269.375	0.0	stim_train,14875,-1,248	1048	68960	14875.jpg
269.5625	0.0	stim_train,6768,-1,249	1049	69008	06768.jpg
270.65234375	0.0	behav,3,-1,250	1050	69287	n/a
271.015625	0.0	stim_train,15295,-1,251	1051	69380	15295.jpg
271.21875	0.0	stim_train,8764,-1,252	1052	69432	08764.jpg
271.421875	0.0	stim_train,4929,-1,253	1053	69484	04929.jpg
271.625	0.0	stim_train,1532,-1,254	1054	69536	01532.jpg
271.828125	0.0	stim_train,4869,-1,255	1055	69588	04869.jpg
272.015625	0.0	stim_train,4132,-1,256	1056	69636	04132.jpg
272.21875	0.0	stim_train,8454,-1,257	1057	69688	08454.jpg
272.421875	0.0	stim_train,16383,-1,258	1058	69740	16383.jpg
272.625	0.0	stim_train,7059,-1,259	1059	69792	07059.jpg
272.828125	0.0	stim_train,2373,-1,260	1060	69844	02373.jpg
273.03125	0.0	stim_train,6358,-1,261	1061	69896	06358.jpg
273.21875	0.0	stim_train,14187,-1,262	1062	69944	14187.jpg
273.421875	0.0	stim_train,2040,-1,263	1063	69996	02040.jpg
273.625	0.0	stim_train,9796,-1,264	1064	70048	09796.jpg
273.828125	0.0	stim_train,12106,-1,265	1065	70100	12106.jpg
274.03125	0.0	stim_train,8286,-1,266	1066	70152	08286.jpg
274.21875	0.0	stim_train,11807,-1,267	1067	70200	11807.jpg
274.421875	0.0	stim_train,10333,-1,268	1068	70252	10333.jpg
274.625	0.0	stim_train,11495,-1,269	1069	70304	11495.jpg
274.828125	0.0	stim_train,12231,-1,270	1070	70356	12231.jpg
275.9921875	0.0	behav,3,-1,271	1071	70654	n/a
276.359375	0.0	stim_train,15296,-1,272	1072	70748	15296.jpg
276.5625	0.0	stim_train,6713,-1,273	1073	70800	06713.jpg
276.765625	0.0	stim_train,11876,-1,274	1074	70852	11876.jpg
276.96875	0.0	stim_train,15976,-1,275	1075	70904	15976.jpg
277.15625	0.0	stim_train,1322,-1,276	1076	70952	01322.jpg
277.359375	0.0	stim_train,13707,-1,277	1077	71004	13707.jpg
277.5625	0.0	stim_train,15556,-1,278	1078	71056	15556.jpg
277.76953125	0.0	stim_train,11831,-1,279	1079	71109	11831.jpg
277.96875	0.0	stim_train,12249,-1,280	1080	71160	12249.jpg
278.15625	0.0	stim_train,10952,-1,281	1081	71208	10952.jpg
278.359375	0.0	stim_train,11431,-1,282	1082	71260	11431.jpg
278.5625	0.0	stim_train,2494,-1,283	1083	71312	02494.jpg
278.76953125	0.0	stim_train,11409,-1,284	1084	71365	11409.jpg
278.97265625	0.0	stim_train,10143,-1,285	1085	71417	10143.jpg
279.15625	0.0	stim_train,4271,-1,286	1086	71464	04271.jpg
279.359375	0.0	stim_train,1324,-1,287	1087	71516	01324.jpg
279.5625	0.0	stim_train,1942,-1,288	1088	71568	01942.jpg
279.76953125	0.0	stim_train,14165,-1,289	1089	71621	14165.jpg
279.97265625	0.0	stim_train,7310,-1,290	1090	71673	07310.jpg
280.171875	0.0	stim_train,7737,-1,291	1091	71724	07737.jpg
281.3046875	0.0	behav,3,-1,292	1092	72014	n/a
281.65625	0.0	stim_train,3574,-1,293	1093	72104	03574.jpg
281.84765625	0.0	stim_train,16069,-1,294	1094	72153	16069.jpg
282.05078125	0.0	stim_train,5925,-1,295	1095	72205	05925.jpg
282.25	0.0	stim_train,7653,-1,296	1096	72256	07653.jpg
282.453125	0.0	stim_train,8224,-1,297	1097	72308	08224.jpg
282.65625	0.0	stim_train,15419,-1,298	1098	72360	15419.jpg
282.84765625	0.0	stim_train,1165,-1,299	1099	72409	01165.jpg
283.05078125	0.0	stim_train,8251,-1,300	1100	72461	08251.jpg
283.25390625	0.0	stim_train,7852,-1,301	1101	72513	07852.jpg
283.453125	0.0	stim_train,5190,-1,302	1102	72564	05190.jpg
283.65625	0.0	stim_train,15048,-1,303	1103	72616	15048.jpg
283.859375	0.0	stim_train,421,-1,304	1104	72668	00421.jpg
284.05078125	0.0	stim_train,9686,-1,305	1105	72717	09686.jpg
284.25390625	0.0	stim_train,15800,-1,306	1106	72769	15800.jpg
284.45703125	0.0	stim_train,8654,-1,307	1107	72821	08654.jpg
284.65625	0.0	stim_train,11764,-1,308	1108	72872	11764.jpg
284.859375	0.0	stim_train,5652,-1,309	1109	72924	05652.jpg
285.05078125	0.0	stim_train,2564,-1,310	1110	72973	02564.jpg
285.25390625	0.0	stim_train,13734,-1,311	1111	73025	13734.jpg
285.45703125	0.0	stim_train,13338,-1,312	1112	73077	13338.jpg
286.96875	0.0	behav,3,-1,313	1113	73464	n/a
287.34765625	0.0	stim_train,4893,-1,314	1114	73561	04893.jpg
287.53515625	0.0	stim_train,8430,-1,315	1115	73609	08430.jpg
287.734375	0.0	stim_train,14361,-1,316	1116	73660	14361.jpg
287.9375	0.0	oddball,16740,-1,317	1117	73712	16740.jpg
288.14453125	0.0	stim_train,6130,-1,318	1118	73765	06130.jpg
288.34765625	0.0	stim_train,4080,-1,319	1119	73817	04080.jpg
288.55078125	0.0	stim_train,11803,-1,320	1120	73869	11803.jpg
288.73828125	0.0	stim_train,9918,-1,321	1121	73917	09918.jpg
288.9375	0.0	stim_train,1059,-1,322	1122	73968	01059.jpg
289.14453125	0.0	stim_train,843,-1,323	1123	74021	00843.jpg
289.34765625	0.0	stim_train,11134,-1,324	1124	74073	11134.jpg
289.55078125	0.0	stim_train,6844,-1,325	1125	74125	06844.jpg
289.75390625	0.0	stim_train,9015,-1,326	1126	74177	09015.jpg
289.94140625	0.0	stim_train,4581,-1,327	1127	74225	04581.jpg
290.14453125	0.0	stim_train,10819,-1,328	1128	74277	10819.jpg
290.34765625	0.0	stim_train,8346,-1,329	1129	74329	08346.jpg
290.55078125	0.0	stim_train,16479,-1,330	1130	74381	16479.jpg
290.73828125	0.0	stim_train,7421,-1,331	1131	74429	07421.jpg
290.94140625	0.0	stim_train,8299,-1,332	1132	74481	08299.jpg
291.14453125	0.0	stim_train,11213,-1,333	1133	74533	11213.jpg
292.3125	0.0	behav,0,-1,334	1134	74832	n/a
292.66015625	0.0	stim_train,5152,-1,335	1135	74921	05152.jpg
292.86328125	0.0	stim_train,2548,-1,336	1136	74973	02548.jpg
293.06640625	0.0	stim_train,14083,-1,337	1137	75025	14083.jpg
293.26953125	0.0	stim_train,7583,-1,338	1138	75077	07583.jpg
293.47265625	0.0	stim_train,12991,-1,339	1139	75129	12991.jpg
293.66015625	0.0	stim_train,5220,-1,340	1140	75177	05220.jpg
293.86328125	0.0	stim_train,4387,-1,341	1141	75229	04387.jpg
294.06640625	0.0	stim_train,14387,-1,342	1142	75281	14387.jpg
294.26953125	0.0	stim_train,9737,-1,343	1143	75333	09737.jpg
294.47265625	0.0	stim_train,9412,-1,344	1144	75385	09412.jpg
294.66015625	0.0	stim_train,7739,-1,345	1145	75433	07739.jpg
294.86328125	0.0	stim_train,10758,-1,346	1146	75485	10758.jpg
295.06640625	0.0	stim_train,12212,-1,347	1147	75537	12212.jpg
295.26953125	0.0	stim_train,1692,-1,348	1148	75589	01692.jpg
295.47265625	0.0	stim_train,16489,-1,349	1149	75641	16489.jpg
295.67578125	0.0	stim_train,16292,-1,350	1150	75693	16292.jpg
295.86328125	0.0	stim_train,11914,-1,351	1151	75741	11914.jpg
296.06640625	0.0	stim_train,6451,-1,352	1152	75793	06451.jpg
296.26953125	0.0	stim_train,10764,-1,353	1153	75845	10764.jpg
296.47265625	0.0	stim_train,6680,-1,354	1154	75897	06680.jpg
297.6796875	0.0	behav,3,-1,355	1155	76206	n/a
298.05078125	0.0	stim_train,4953,-1,356	1156	76301	04953.jpg
298.25390625	0.0	stim_train,10461,-1,357	1157	76353	10461.jpg
298.45703125	0.0	stim_train,10784,-1,358	1158	76405	10784.jpg
298.66015625	0.0	stim_train,5955,-1,359	1159	76457	05955.jpg
298.84765625	0.0	stim_train,6908,-1,360	1160	76505	06908.jpg
299.05078125	0.0	stim_train,11419,-1,361	1161	76557	11419.jpg
299.25390625	0.0	oddball,16740,-1,362	1162	76609	16740.jpg
299.45703125	0.0	stim_train,12368,-1,363	1163	76661	12368.jpg
299.66015625	0.0	stim_train,7558,-1,364	1164	76713	07558.jpg
299.84765625	0.0	stim_train,5687,-1,365	1165	76761	05687.jpg
300.05078125	0.0	stim_train,4240,-1,366	1166	76813	04240.jpg
300.25390625	0.0	stim_train,12092,-1,367	1167	76865	12092.jpg
300.45703125	0.0	stim_train,10260,-1,368	1168	76917	10260.jpg
300.66015625	0.0	stim_train,4005,-1,369	1169	76969	04005.jpg
300.86328125	0.0	stim_train,14982,-1,370	1170	77021	14982.jpg
301.05078125	0.0	stim_train,3064,-1,371	1171	77069	03064.jpg
301.25390625	0.0	stim_train,15749,-1,372	1172	77121	15749.jpg
301.45703125	0.0	stim_train,5030,-1,373	1173	77173	05030.jpg
301.66015625	0.0	stim_train,10418,-1,374	1174	77225	10418.jpg
301.86328125	0.0	stim_train,11062,-1,375	1175	77277	11062.jpg
303.02734375	0.0	behav,0,-1,376	1176	77575	n/a
